corpus,drama,begin,end,Speaker.figure_surface,Speaker.figure_id,Token.surface,Token.pos,Token.lemma,length,Mentioned.figure_surface,Mentioned.figure_id
tg,kq6g.0,564,1843,"Gabriele, seine Nichte, (Sopran)",2,Da,ADV,da,7573,,
tg,kq6g.0,564,1843,"Gabriele, seine Nichte, (Sopran)",2,mir,PPER,sich,7573,"Gabriele, seine Nichte, (Sopran)",2
tg,kq6g.0,564,1843,"Gabriele, seine Nichte, (Sopran)",2,alles,PIS,alle,7573,,
tg,kq6g.0,564,1843,"Gabriele, seine Nichte, (Sopran)",2,nun,ADV,nun,7573,,
tg,kq6g.0,564,1843,"Gabriele, seine Nichte, (Sopran)",2,entrissen,VVPP,entreißen,7573,,
tg,kq6g.0,564,1843,"Gabriele, seine Nichte, (Sopran)",2,",","$,",--,7573,,
tg,kq6g.0,564,1843,"Gabriele, seine Nichte, (Sopran)",2,Meid,NE,meid,7573,,
tg,kq6g.0,564,1843,"Gabriele, seine Nichte, (Sopran)",2,',$[,--,7573,,
tg,kq6g.0,564,1843,"Gabriele, seine Nichte, (Sopran)",2,ich,PPER,ich,7573,"Gabriele, seine Nichte, (Sopran)",2
tg,kq6g.0,564,1843,"Gabriele, seine Nichte, (Sopran)",2,gern,ADV,gern,7573,,
tg,kq6g.0,564,1843,"Gabriele, seine Nichte, (Sopran)",2,der,ART,der,7573,,
tg,kq6g.0,564,1843,"Gabriele, seine Nichte, (Sopran)",2,Hirten,NN,hirt,7573,,
tg,kq6g.0,564,1843,"Gabriele, seine Nichte, (Sopran)",2,Schar,NN,schar,7573,,
tg,kq6g.0,564,1843,"Gabriele, seine Nichte, (Sopran)",2,;,$.,--,7573,,
tg,kq6g.0,564,1843,"Gabriele, seine Nichte, (Sopran)",2,Selbst,ADV,selbst,7573,,
tg,kq6g.0,564,1843,"Gabriele, seine Nichte, (Sopran)",2,mein,PPOSAT,mein,7573,"Gabriele, seine Nichte, (Sopran)",2
tg,kq6g.0,564,1843,"Gabriele, seine Nichte, (Sopran)",2,Täubchen,NN,täubchen,7573,,
tg,kq6g.0,564,1843,"Gabriele, seine Nichte, (Sopran)",2,muß,VMFIN,müssen,7573,,
tg,kq6g.0,564,1843,"Gabriele, seine Nichte, (Sopran)",2,ich,PPER,ich,7573,"Gabriele, seine Nichte, (Sopran)",2
tg,kq6g.0,564,1843,"Gabriele, seine Nichte, (Sopran)",2,missen,VVINF,missen,7573,,
tg,kq6g.0,564,1843,"Gabriele, seine Nichte, (Sopran)",2,",","$,",--,7573,,
tg,kq6g.0,564,1843,"Gabriele, seine Nichte, (Sopran)",2,Und,KON,und,7573,,
tg,kq6g.0,564,1843,"Gabriele, seine Nichte, (Sopran)",2,der,ART,der,7573,,
tg,kq6g.0,564,1843,"Gabriele, seine Nichte, (Sopran)",2,Adler,NN,adler,7573,,
tg,kq6g.0,564,1843,"Gabriele, seine Nichte, (Sopran)",2,hat,VAFIN,haben,7573,,
tg,kq6g.0,564,1843,"Gabriele, seine Nichte, (Sopran)",2,zerrissen,VVPP,zerreißen,7573,,
tg,kq6g.0,564,1843,"Gabriele, seine Nichte, (Sopran)",2,",","$,",--,7573,,
tg,kq6g.0,564,1843,"Gabriele, seine Nichte, (Sopran)",2,Was,PWS,was,7573,,
tg,kq6g.0,564,1843,"Gabriele, seine Nichte, (Sopran)",2,mir,PPER,sich,7573,"Gabriele, seine Nichte, (Sopran)",2
tg,kq6g.0,564,1843,"Gabriele, seine Nichte, (Sopran)",2,lieb,VVFIN,leiben,7573,,
tg,kq6g.0,564,1843,"Gabriele, seine Nichte, (Sopran)",2,und,KON,und,7573,,
tg,kq6g.0,564,1843,"Gabriele, seine Nichte, (Sopran)",2,teuer,ADJD,teuer,7573,,
tg,kq6g.0,564,1843,"Gabriele, seine Nichte, (Sopran)",2,war,VAFIN,sein,7573,,
tg,kq6g.0,564,1843,"Gabriele, seine Nichte, (Sopran)",2,.,$.,--,7573,,
tg,kq6g.0,564,1843,"Gabriele, seine Nichte, (Sopran)",2,–,XY,–,7573,,
tg,kq6g.0,564,1843,"Gabriele, seine Nichte, (Sopran)",2,Seine,PPOSAT,sein,7573,,
tg,kq6g.0,564,1843,"Gabriele, seine Nichte, (Sopran)",2,fromme,ADJA,fromm,7573,,
tg,kq6g.0,564,1843,"Gabriele, seine Nichte, (Sopran)",2,Liebesgabe,NN,liebesgabe,7573,,
tg,kq6g.0,564,1843,"Gabriele, seine Nichte, (Sopran)",2,Ist,VAFIN,sein,7573,,
tg,kq6g.0,564,1843,"Gabriele, seine Nichte, (Sopran)",2,auf,APPR,auf,7573,,
tg,kq6g.0,564,1843,"Gabriele, seine Nichte, (Sopran)",2,ewig,ADJD,ewig,7573,,
tg,kq6g.0,564,1843,"Gabriele, seine Nichte, (Sopran)",2,nun,ADV,nun,7573,,
tg,kq6g.0,564,1843,"Gabriele, seine Nichte, (Sopran)",2,dahin,PROAV,dahin,7573,,
tg,kq6g.0,564,1843,"Gabriele, seine Nichte, (Sopran)",2,"!",$.,--,7573,,
tg,kq6g.0,564,1843,"Gabriele, seine Nichte, (Sopran)",2,Sie,PPER,sie,7573,,
tg,kq6g.0,564,1843,"Gabriele, seine Nichte, (Sopran)",2,war,VAFIN,sein,7573,,
tg,kq6g.0,564,1843,"Gabriele, seine Nichte, (Sopran)",2,meine,PPOSAT,mein,7573,"Gabriele, seine Nichte, (Sopran)",2
tg,kq6g.0,564,1843,"Gabriele, seine Nichte, (Sopran)",2,einz'ge,ADJA,einz'g,7573,,
tg,kq6g.0,564,1843,"Gabriele, seine Nichte, (Sopran)",2,Habe,NN,haben,7573,,
tg,kq6g.0,564,1843,"Gabriele, seine Nichte, (Sopran)",2,",","$,",--,7573,,
tg,kq6g.0,564,1843,"Gabriele, seine Nichte, (Sopran)",2,Meine,PPOSAT,mein,7573,,
tg,kq6g.0,564,1843,"Gabriele, seine Nichte, (Sopran)",2,sanfte,ADJA,sanft,7573,,
tg,kq6g.0,564,1843,"Gabriele, seine Nichte, (Sopran)",2,Trösterin,NN,trösterin,7573,,
tg,kq6g.0,564,1843,"Gabriele, seine Nichte, (Sopran)",2,.,$.,--,7573,,
tg,kq6g.0,564,1843,"Gabriele, seine Nichte, (Sopran)",2,Drückt,NN,drückt,7573,,
tg,kq6g.0,564,1843,"Gabriele, seine Nichte, (Sopran)",2,',$[,--,7573,,
tg,kq6g.0,564,1843,"Gabriele, seine Nichte, (Sopran)",2,ans,APPRART,an,7573,,
tg,kq6g.0,564,1843,"Gabriele, seine Nichte, (Sopran)",2,Herz,NN,herz,7573,,
tg,kq6g.0,564,1843,"Gabriele, seine Nichte, (Sopran)",2,ich,PPER,ich,7573,"Gabriele, seine Nichte, (Sopran)",2
tg,kq6g.0,564,1843,"Gabriele, seine Nichte, (Sopran)",2,meine,VVFIN,mein,7573,,
tg,kq6g.0,564,1843,"Gabriele, seine Nichte, (Sopran)",2,Taube,NE,taube,7573,,
tg,kq6g.0,564,1843,"Gabriele, seine Nichte, (Sopran)",2,",","$,",--,7573,,
tg,kq6g.0,564,1843,"Gabriele, seine Nichte, (Sopran)",2,Ward,NE,ward,7573,,
tg,kq6g.0,564,1843,"Gabriele, seine Nichte, (Sopran)",2,mein,PPOSAT,mein,7573,"Gabriele, seine Nichte, (Sopran)",2
tg,kq6g.0,564,1843,"Gabriele, seine Nichte, (Sopran)",2,Schmerz,NN,schmerz,7573,,
tg,kq6g.0,564,1843,"Gabriele, seine Nichte, (Sopran)",2,auch,ADV,auch,7573,,
tg,kq6g.0,564,1843,"Gabriele, seine Nichte, (Sopran)",2,still,ADJD,still,7573,,
tg,kq6g.0,564,1843,"Gabriele, seine Nichte, (Sopran)",2,und,KON,und,7573,,
tg,kq6g.0,564,1843,"Gabriele, seine Nichte, (Sopran)",2,mild,NN,mild,7573,,
tg,kq6g.0,564,1843,"Gabriele, seine Nichte, (Sopran)",2,.,$.,--,7573,,
tg,kq6g.0,564,1843,"Gabriele, seine Nichte, (Sopran)",2,Doch,KON,doch,7573,,
tg,kq6g.0,564,1843,"Gabriele, seine Nichte, (Sopran)",2,dem,ART,der,7573,,
tg,kq6g.0,564,1843,"Gabriele, seine Nichte, (Sopran)",2,Adler,NN,adler,7573,,
tg,kq6g.0,564,1843,"Gabriele, seine Nichte, (Sopran)",2,ward,VVFIN,werden,7573,,
tg,kq6g.0,564,1843,"Gabriele, seine Nichte, (Sopran)",2,zum,APPRART,zu,7573,,
tg,kq6g.0,564,1843,"Gabriele, seine Nichte, (Sopran)",2,Raube,NN,raube,7573,,
tg,kq6g.0,564,1843,"Gabriele, seine Nichte, (Sopran)",2,Seiner,PPOSAT,sein,7573,,
tg,kq6g.0,564,1843,"Gabriele, seine Nichte, (Sopran)",2,Liebe,NN,liebe,7573,,
tg,kq6g.0,564,1843,"Gabriele, seine Nichte, (Sopran)",2,frommes,ADJA,fromm,7573,,
tg,kq6g.0,564,1843,"Gabriele, seine Nichte, (Sopran)",2,Bild,NN,bild,7573,,
tg,kq6g.0,564,1843,"Gabriele, seine Nichte, (Sopran)",2,.,$.,--,7573,,
tg,kq6g.0,564,1843,"Gabriele, seine Nichte, (Sopran)",2,Seine,PPOSAT,sein,7573,,
tg,kq6g.0,564,1843,"Gabriele, seine Nichte, (Sopran)",2,fromme,ADJA,fromm,7573,,
tg,kq6g.0,564,1843,"Gabriele, seine Nichte, (Sopran)",2,Liebesgabe,NN,liebesgabe,7573,,
tg,kq6g.0,564,1843,"Gabriele, seine Nichte, (Sopran)",2,Ist,VAFIN,sein,7573,,
tg,kq6g.0,564,1843,"Gabriele, seine Nichte, (Sopran)",2,auf,APPR,auf,7573,,
tg,kq6g.0,564,1843,"Gabriele, seine Nichte, (Sopran)",2,ewig,ADJD,ewig,7573,,
tg,kq6g.0,564,1843,"Gabriele, seine Nichte, (Sopran)",2,nun,ADV,nun,7573,,
tg,kq6g.0,564,1843,"Gabriele, seine Nichte, (Sopran)",2,dahin,PROAV,dahin,7573,,
tg,kq6g.0,564,1843,"Gabriele, seine Nichte, (Sopran)",2,"!",$.,--,7573,,
tg,kq6g.0,564,1843,"Gabriele, seine Nichte, (Sopran)",2,Sie,PPER,sie,7573,,
tg,kq6g.0,564,1843,"Gabriele, seine Nichte, (Sopran)",2,war,VAFIN,sein,7573,,
tg,kq6g.0,564,1843,"Gabriele, seine Nichte, (Sopran)",2,meine,PPOSAT,mein,7573,"Gabriele, seine Nichte, (Sopran)",2
tg,kq6g.0,564,1843,"Gabriele, seine Nichte, (Sopran)",2,einz'ge,ADJA,einz'g,7573,,
tg,kq6g.0,564,1843,"Gabriele, seine Nichte, (Sopran)",2,Habe,NN,haben,7573,,
tg,kq6g.0,564,1843,"Gabriele, seine Nichte, (Sopran)",2,",","$,",--,7573,,
tg,kq6g.0,564,1843,"Gabriele, seine Nichte, (Sopran)",2,Meine,PPOSAT,mein,7573,,
tg,kq6g.0,564,1843,"Gabriele, seine Nichte, (Sopran)",2,sanfte,ADJA,sanft,7573,,
tg,kq6g.0,564,1843,"Gabriele, seine Nichte, (Sopran)",2,Trösterin,NN,trösterin,7573,,
tg,kq6g.0,564,1843,"Gabriele, seine Nichte, (Sopran)",2,.,$.,--,7573,,
tg,kq6g.0,564,1843,"Gabriele, seine Nichte, (Sopran)",2,Drückt,NN,drückt,7573,,
tg,kq6g.0,564,1843,"Gabriele, seine Nichte, (Sopran)",2,',$[,--,7573,,
tg,kq6g.0,564,1843,"Gabriele, seine Nichte, (Sopran)",2,ans,APPRART,an,7573,,
tg,kq6g.0,564,1843,"Gabriele, seine Nichte, (Sopran)",2,Herz,NN,herz,7573,,
tg,kq6g.0,564,1843,"Gabriele, seine Nichte, (Sopran)",2,ich,PPER,ich,7573,"Gabriele, seine Nichte, (Sopran)",2
tg,kq6g.0,564,1843,"Gabriele, seine Nichte, (Sopran)",2,meine,VVFIN,mein,7573,,
tg,kq6g.0,564,1843,"Gabriele, seine Nichte, (Sopran)",2,Taube,NE,taube,7573,,
tg,kq6g.0,564,1843,"Gabriele, seine Nichte, (Sopran)",2,",","$,",--,7573,,
tg,kq6g.0,564,1843,"Gabriele, seine Nichte, (Sopran)",2,Ward,NE,ward,7573,,
tg,kq6g.0,564,1843,"Gabriele, seine Nichte, (Sopran)",2,mein,PPOSAT,mein,7573,"Gabriele, seine Nichte, (Sopran)",2
tg,kq6g.0,564,1843,"Gabriele, seine Nichte, (Sopran)",2,Schmerz,NN,schmerz,7573,,
tg,kq6g.0,564,1843,"Gabriele, seine Nichte, (Sopran)",2,auch,ADV,auch,7573,,
tg,kq6g.0,564,1843,"Gabriele, seine Nichte, (Sopran)",2,still,ADJD,still,7573,,
tg,kq6g.0,564,1843,"Gabriele, seine Nichte, (Sopran)",2,und,KON,und,7573,,
tg,kq6g.0,564,1843,"Gabriele, seine Nichte, (Sopran)",2,mild,ADJD,mild,7573,,
tg,kq6g.0,564,1843,"Gabriele, seine Nichte, (Sopran)",2,"!",$.,--,7573,,
tg,kq6g.0,564,1843,"Gabriele, seine Nichte, (Sopran)",2,Ach,ITJ,ach,7573,,
tg,kq6g.0,564,1843,"Gabriele, seine Nichte, (Sopran)",2,"!",$.,--,7573,,
tg,kq6g.0,564,1843,"Gabriele, seine Nichte, (Sopran)",2,Ach,ITJ,ach,7573,,
tg,kq6g.0,564,1843,"Gabriele, seine Nichte, (Sopran)",2,"!",$.,--,7573,,
tg,kq6g.0,564,1843,"Gabriele, seine Nichte, (Sopran)",2,Ach,ITJ,ach,7573,,
tg,kq6g.0,564,1843,"Gabriele, seine Nichte, (Sopran)",2,",","$,",--,7573,,
tg,kq6g.0,564,1843,"Gabriele, seine Nichte, (Sopran)",2,sie,PPER,sie,7573,,
tg,kq6g.0,564,1843,"Gabriele, seine Nichte, (Sopran)",2,war,VAFIN,sein,7573,,
tg,kq6g.0,564,1843,"Gabriele, seine Nichte, (Sopran)",2,mein,PPOSAT,mein,7573,"Gabriele, seine Nichte, (Sopran)",2
tg,kq6g.0,564,1843,"Gabriele, seine Nichte, (Sopran)",2,einz'ges,ADJA,einz'g,7573,,
tg,kq6g.0,564,1843,"Gabriele, seine Nichte, (Sopran)",2,Glück,NN,glück,7573,,
tg,kq6g.0,564,1843,"Gabriele, seine Nichte, (Sopran)",2,"!",$.,--,7573,,
tg,kq6g.0,564,1843,"Gabriele, seine Nichte, (Sopran)",2,Wenn,KOUS,wenn,7573,,
tg,kq6g.0,564,1843,"Gabriele, seine Nichte, (Sopran)",2,sie,PPER,sie,7573,,
tg,kq6g.0,564,1843,"Gabriele, seine Nichte, (Sopran)",2,kosend,ADJD,kosend,7573,,
tg,kq6g.0,564,1843,"Gabriele, seine Nichte, (Sopran)",2,mich,PRF,mich,7573,"Gabriele, seine Nichte, (Sopran)",2
tg,kq6g.0,564,1843,"Gabriele, seine Nichte, (Sopran)",2,umspielte,VVFIN,umspielen,7573,,
tg,kq6g.0,564,1843,"Gabriele, seine Nichte, (Sopran)",2,",","$,",--,7573,,
tg,kq6g.0,564,1843,"Gabriele, seine Nichte, (Sopran)",2,Flatternd,ADJD,flatternd,7573,,
tg,kq6g.0,564,1843,"Gabriele, seine Nichte, (Sopran)",2,mir,PPER,sich,7573,"Gabriele, seine Nichte, (Sopran)",2
tg,kq6g.0,564,1843,"Gabriele, seine Nichte, (Sopran)",2,die,ART,der,7573,,
tg,kq6g.0,564,1843,"Gabriele, seine Nichte, (Sopran)",2,Wange,NN,wange,7573,,
tg,kq6g.0,564,1843,"Gabriele, seine Nichte, (Sopran)",2,kühlte,VVFIN,kühlen,7573,,
tg,kq6g.0,564,1843,"Gabriele, seine Nichte, (Sopran)",2,",","$,",--,7573,,
tg,kq6g.0,564,1843,"Gabriele, seine Nichte, (Sopran)",2,Kam,NE,kam,7573,,
tg,kq6g.0,564,1843,"Gabriele, seine Nichte, (Sopran)",2,die,ART,der,7573,,
tg,kq6g.0,564,1843,"Gabriele, seine Nichte, (Sopran)",2,vor'ge,ADJA,vor'g,7573,,
tg,kq6g.0,564,1843,"Gabriele, seine Nichte, (Sopran)",2,Zeit,NN,zeit,7573,,
tg,kq6g.0,564,1843,"Gabriele, seine Nichte, (Sopran)",2,zurück,PTKVZ,zurück,7573,,
tg,kq6g.0,564,1843,"Gabriele, seine Nichte, (Sopran)",2,.,$.,--,7573,,
tg,kq6g.0,564,1843,"Gabriele, seine Nichte, (Sopran)",2,Sie,PPER,sie,7573,,
tg,kq6g.0,564,1843,"Gabriele, seine Nichte, (Sopran)",2,schien,VVFIN,scheinen,7573,,
tg,kq6g.0,564,1843,"Gabriele, seine Nichte, (Sopran)",2,mir,PPER,sich,7573,"Gabriele, seine Nichte, (Sopran)",2
tg,kq6g.0,564,1843,"Gabriele, seine Nichte, (Sopran)",2,ein,ART,ein,7573,,
tg,kq6g.0,564,1843,"Gabriele, seine Nichte, (Sopran)",2,gutes,ADJA,gut,7573,,
tg,kq6g.0,564,1843,"Gabriele, seine Nichte, (Sopran)",2,Zeichen,NN,zeichen,7573,,
tg,kq6g.0,564,1843,"Gabriele, seine Nichte, (Sopran)",2,;,$.,--,7573,,
tg,kq6g.0,564,1843,"Gabriele, seine Nichte, (Sopran)",2,Trug,NN,trug,7573,,
tg,kq6g.0,564,1843,"Gabriele, seine Nichte, (Sopran)",2,sie,PPER,sie,7573,,
tg,kq6g.0,564,1843,"Gabriele, seine Nichte, (Sopran)",2,doch,ADV,doch,7573,,
tg,kq6g.0,564,1843,"Gabriele, seine Nichte, (Sopran)",2,am,APPRART,an,7573,,
tg,kq6g.0,564,1843,"Gabriele, seine Nichte, (Sopran)",2,Hals,NN,hals,7573,,
tg,kq6g.0,564,1843,"Gabriele, seine Nichte, (Sopran)",2,den,ART,der,7573,,
tg,kq6g.0,564,1843,"Gabriele, seine Nichte, (Sopran)",2,Ring,NN,ring,7573,,
tg,kq6g.0,564,1843,"Gabriele, seine Nichte, (Sopran)",2,.,$.,--,7573,,
tg,kq6g.0,564,1843,"Gabriele, seine Nichte, (Sopran)",2,Den,ART,der,7573,,
tg,kq6g.0,564,1843,"Gabriele, seine Nichte, (Sopran)",2,ich,PPER,ich,7573,"Gabriele, seine Nichte, (Sopran)",2
tg,kq6g.0,564,1843,"Gabriele, seine Nichte, (Sopran)",2,einst,ADV,einst,7573,,
tg,kq6g.0,564,1843,"Gabriele, seine Nichte, (Sopran)",2,von,APPR,von,7573,,
tg,kq6g.0,564,1843,"Gabriele, seine Nichte, (Sopran)",2,ihm,PPER,ihm,7573,,
tg,kq6g.0,564,1843,"Gabriele, seine Nichte, (Sopran)",2,empfing,VVFIN,empfangen,7573,,
tg,kq6g.0,564,1843,"Gabriele, seine Nichte, (Sopran)",2,"!",$.,--,7573,,
tg,kq6g.0,564,1843,"Gabriele, seine Nichte, (Sopran)",2,Ach,ITJ,ach,7573,,
tg,kq6g.0,564,1843,"Gabriele, seine Nichte, (Sopran)",2,"!",$.,--,7573,,
tg,kq6g.0,564,1843,"Gabriele, seine Nichte, (Sopran)",2,Ach,ITJ,ach,7573,,
tg,kq6g.0,564,1843,"Gabriele, seine Nichte, (Sopran)",2,"!",$.,--,7573,,
tg,kq6g.0,564,1843,"Gabriele, seine Nichte, (Sopran)",2,Ach,ITJ,ach,7573,,
tg,kq6g.0,564,1843,"Gabriele, seine Nichte, (Sopran)",2,",","$,",--,7573,,
tg,kq6g.0,564,1843,"Gabriele, seine Nichte, (Sopran)",2,sie,PPER,sie,7573,,
tg,kq6g.0,564,1843,"Gabriele, seine Nichte, (Sopran)",2,war,VAFIN,sein,7573,,
tg,kq6g.0,564,1843,"Gabriele, seine Nichte, (Sopran)",2,mein,PPOSAT,mein,7573,"Gabriele, seine Nichte, (Sopran)",2
tg,kq6g.0,564,1843,"Gabriele, seine Nichte, (Sopran)",2,einzig,ADJD,einzig,7573,,
tg,kq6g.0,564,1843,"Gabriele, seine Nichte, (Sopran)",2,Glück,NN,glück,7573,,
tg,kq6g.0,564,1843,"Gabriele, seine Nichte, (Sopran)",2,"!",$.,--,7573,,
tg,kq6g.0,564,1843,"Gabriele, seine Nichte, (Sopran)",2,Wenn,KOUS,wenn,7573,,
tg,kq6g.0,564,1843,"Gabriele, seine Nichte, (Sopran)",2,sie,PPER,sie,7573,,
tg,kq6g.0,564,1843,"Gabriele, seine Nichte, (Sopran)",2,kosend,ADJD,kosend,7573,,
tg,kq6g.0,564,1843,"Gabriele, seine Nichte, (Sopran)",2,mich,PRF,mich,7573,"Gabriele, seine Nichte, (Sopran)",2
tg,kq6g.0,564,1843,"Gabriele, seine Nichte, (Sopran)",2,umspielte,VVFIN,umspielen,7573,,
tg,kq6g.0,564,1843,"Gabriele, seine Nichte, (Sopran)",2,",","$,",--,7573,,
tg,kq6g.0,564,1843,"Gabriele, seine Nichte, (Sopran)",2,Flatternd,ADJD,flatternd,7573,,
tg,kq6g.0,564,1843,"Gabriele, seine Nichte, (Sopran)",2,mir,PPER,sich,7573,"Gabriele, seine Nichte, (Sopran)",2
tg,kq6g.0,564,1843,"Gabriele, seine Nichte, (Sopran)",2,die,ART,der,7573,,
tg,kq6g.0,564,1843,"Gabriele, seine Nichte, (Sopran)",2,Wange,NN,wange,7573,,
tg,kq6g.0,564,1843,"Gabriele, seine Nichte, (Sopran)",2,kühlte,VVFIN,kühlen,7573,,
tg,kq6g.0,564,1843,"Gabriele, seine Nichte, (Sopran)",2,",","$,",--,7573,,
tg,kq6g.0,564,1843,"Gabriele, seine Nichte, (Sopran)",2,Kam,NE,kam,7573,,
tg,kq6g.0,564,1843,"Gabriele, seine Nichte, (Sopran)",2,die,ART,der,7573,,
tg,kq6g.0,564,1843,"Gabriele, seine Nichte, (Sopran)",2,vor'ge,ADJA,vor'g,7573,,
tg,kq6g.0,564,1843,"Gabriele, seine Nichte, (Sopran)",2,Zeit,NN,zeit,7573,,
tg,kq6g.0,564,1843,"Gabriele, seine Nichte, (Sopran)",2,zurück,PTKVZ,zurück,7573,,
tg,kq6g.0,564,1843,"Gabriele, seine Nichte, (Sopran)",2,.,$.,--,7573,,
tg,kq6g.0,564,1843,"Gabriele, seine Nichte, (Sopran)",2,Ja,PTKANT,ja,7573,,
tg,kq6g.0,564,1843,"Gabriele, seine Nichte, (Sopran)",2,",","$,",--,7573,,
tg,kq6g.0,564,1843,"Gabriele, seine Nichte, (Sopran)",2,dann,ADV,dann,7573,,
tg,kq6g.0,564,1843,"Gabriele, seine Nichte, (Sopran)",2,kam,VVFIN,kommen,7573,,
tg,kq6g.0,564,1843,"Gabriele, seine Nichte, (Sopran)",2,die,ART,der,7573,,
tg,kq6g.0,564,1843,"Gabriele, seine Nichte, (Sopran)",2,Zeit,NN,zeit,7573,,
tg,kq6g.0,564,1843,"Gabriele, seine Nichte, (Sopran)",2,zurück,PTKVZ,zurück,7573,,
tg,kq6g.0,564,1843,"Gabriele, seine Nichte, (Sopran)",2,",","$,",--,7573,,
tg,kq6g.0,564,1843,"Gabriele, seine Nichte, (Sopran)",2,Dann,ADV,dann,7573,,
tg,kq6g.0,564,1843,"Gabriele, seine Nichte, (Sopran)",2,kam,VVFIN,kommen,7573,,
tg,kq6g.0,564,1843,"Gabriele, seine Nichte, (Sopran)",2,die,ART,der,7573,,
tg,kq6g.0,564,1843,"Gabriele, seine Nichte, (Sopran)",2,Zeit,NN,zeit,7573,,
tg,kq6g.0,564,1843,"Gabriele, seine Nichte, (Sopran)",2,",","$,",--,7573,,
tg,kq6g.0,564,1843,"Gabriele, seine Nichte, (Sopran)",2,Die,ART,der,7573,,
tg,kq6g.0,564,1843,"Gabriele, seine Nichte, (Sopran)",2,vor'ge,ADJA,vor'g,7573,,
tg,kq6g.0,564,1843,"Gabriele, seine Nichte, (Sopran)",2,Zeit,NN,zeit,7573,,
tg,kq6g.0,564,1843,"Gabriele, seine Nichte, (Sopran)",2,kam,VVFIN,kommen,7573,,
tg,kq6g.0,564,1843,"Gabriele, seine Nichte, (Sopran)",2,zurück,PTKVZ,zurück,7573,,
tg,kq6g.0,564,1843,"Gabriele, seine Nichte, (Sopran)",2,"!",$.,--,7573,,
tg,kq6g.0,1935,2171,"Gomez, ein junger Hirt, (Tenor)",5,Wie,PWAV,wie,7573,,
tg,kq6g.0,1935,2171,"Gomez, ein junger Hirt, (Tenor)",5,traurig,ADJD,traurig,7573,,
tg,kq6g.0,1935,2171,"Gomez, ein junger Hirt, (Tenor)",5,und,KON,und,7573,,
tg,kq6g.0,1935,2171,"Gomez, ein junger Hirt, (Tenor)",5,doch,ADV,doch,7573,,
tg,kq6g.0,1935,2171,"Gomez, ein junger Hirt, (Tenor)",5,wie,KOKOM,wie,7573,,
tg,kq6g.0,1935,2171,"Gomez, ein junger Hirt, (Tenor)",5,schön,ADJD,schön,7573,,
tg,kq6g.0,1935,2171,"Gomez, ein junger Hirt, (Tenor)",5,Ruht,VVFIN,ruht,7573,,
tg,kq6g.0,1935,2171,"Gomez, ein junger Hirt, (Tenor)",5,sie,PPER,sie,7573,,
tg,kq6g.0,1935,2171,"Gomez, ein junger Hirt, (Tenor)",5,dort,ADV,dort,7573,,
tg,kq6g.0,1935,2171,"Gomez, ein junger Hirt, (Tenor)",5,"!",$.,--,7573,,
tg,kq6g.0,1935,2171,"Gomez, ein junger Hirt, (Tenor)",5,Wie,PWAV,wie,7573,,
tg,kq6g.0,1935,2171,"Gomez, ein junger Hirt, (Tenor)",5,glänzend,ADJD,glänzend,7573,,
tg,kq6g.0,1935,2171,"Gomez, ein junger Hirt, (Tenor)",5,wiegt,VVFIN,wiegen,7573,,
tg,kq6g.0,1935,2171,"Gomez, ein junger Hirt, (Tenor)",5,sich,PRF,sich,7573,,
tg,kq6g.0,1935,2171,"Gomez, ein junger Hirt, (Tenor)",5,auf,APPR,auf,7573,,
tg,kq6g.0,1935,2171,"Gomez, ein junger Hirt, (Tenor)",5,den,ART,der,7573,,
tg,kq6g.0,1935,2171,"Gomez, ein junger Hirt, (Tenor)",5,weißen,ADJA,weiß,7573,,
tg,kq6g.0,1935,2171,"Gomez, ein junger Hirt, (Tenor)",5,Schultern,NN,schulter,7573,,
tg,kq6g.0,1935,2171,"Gomez, ein junger Hirt, (Tenor)",5,Das,ART,der,7573,,
tg,kq6g.0,1935,2171,"Gomez, ein junger Hirt, (Tenor)",5,blondgelockte,ADJA,blondgelockt,7573,,
tg,kq6g.0,1935,2171,"Gomez, ein junger Hirt, (Tenor)",5,Haar,NN,haar,7573,,
tg,kq6g.0,1935,2171,"Gomez, ein junger Hirt, (Tenor)",5,"!",$.,--,7573,,
tg,kq6g.0,1935,2171,"Gomez, ein junger Hirt, (Tenor)",5,Doch,KON,doch,7573,,
tg,kq6g.0,1935,2171,"Gomez, ein junger Hirt, (Tenor)",5,seh,VVFIN,seh,7573,,
tg,kq6g.0,1935,2171,"Gomez, ein junger Hirt, (Tenor)",5,',$[,--,7573,,
tg,kq6g.0,1935,2171,"Gomez, ein junger Hirt, (Tenor)",5,ich,PPER,ich,7573,"Gomez, ein junger Hirt, (Tenor)",5
tg,kq6g.0,1935,2171,"Gomez, ein junger Hirt, (Tenor)",5,recht,ADV,recht,7573,,
tg,kq6g.0,1935,2171,"Gomez, ein junger Hirt, (Tenor)",5,?,$.,--,7573,,
tg,kq6g.0,1935,2171,"Gomez, ein junger Hirt, (Tenor)",5,Sie,PPER,sie,7573,,
tg,kq6g.0,1935,2171,"Gomez, ein junger Hirt, (Tenor)",5,weint,VVFIN,weinen,7573,,
tg,kq6g.0,1935,2171,"Gomez, ein junger Hirt, (Tenor)",5,"!",$.,--,7573,,
tg,kq6g.0,2177,2240,"Gabriele, seine Nichte, (Sopran)",2,Mein,PPOSAT,mein,7573,,
tg,kq6g.0,2177,2240,"Gabriele, seine Nichte, (Sopran)",2,Gomez,NN,gomez,7573,,
tg,kq6g.0,2177,2240,"Gabriele, seine Nichte, (Sopran)",2,"!",$.,--,7573,,
tg,kq6g.0,2246,2303,"Gomez, ein junger Hirt, (Tenor)",5,Gabriele,NE,gabriele,7573,,
tg,kq6g.0,2246,2303,"Gomez, ein junger Hirt, (Tenor)",5,",","$,",--,7573,,
tg,kq6g.0,2246,2303,"Gomez, ein junger Hirt, (Tenor)",5,warum,PWAV,warum,7573,,
tg,kq6g.0,2246,2303,"Gomez, ein junger Hirt, (Tenor)",5,weinst,VAFIN,weinst,7573,,
tg,kq6g.0,2246,2303,"Gomez, ein junger Hirt, (Tenor)",5,du,PPER,du,7573,,
tg,kq6g.0,2246,2303,"Gomez, ein junger Hirt, (Tenor)",5,?,$.,--,7573,,
tg,kq6g.0,2308,2362,"Gabriele, seine Nichte, (Sopran)",2,Ach,ITJ,ach,7573,,
tg,kq6g.0,2308,2362,"Gabriele, seine Nichte, (Sopran)",2,",","$,",--,7573,,
tg,kq6g.0,2308,2362,"Gabriele, seine Nichte, (Sopran)",2,mir,PPER,sich,7573,"Gabriele, seine Nichte, (Sopran)",2
tg,kq6g.0,2308,2362,"Gabriele, seine Nichte, (Sopran)",2,ist,VAFIN,sein,7573,,
tg,kq6g.0,2308,2362,"Gabriele, seine Nichte, (Sopran)",2,alles,PIS,alle,7573,,
tg,kq6g.0,2308,2362,"Gabriele, seine Nichte, (Sopran)",2,nun,ADV,nun,7573,,
tg,kq6g.0,2308,2362,"Gabriele, seine Nichte, (Sopran)",2,entrissen,VVPP,entreißen,7573,,
tg,kq6g.0,2308,2362,"Gabriele, seine Nichte, (Sopran)",2,"!",$.,--,7573,,
tg,kq6g.0,2367,2449,"Gomez, ein junger Hirt, (Tenor)",5,Sprich,VVIMP,sprich,7573,,
tg,kq6g.0,2367,2449,"Gomez, ein junger Hirt, (Tenor)",5,",","$,",--,7573,,
tg,kq6g.0,2367,2449,"Gomez, ein junger Hirt, (Tenor)",5,welch,PWAT,welcher,7573,,
tg,kq6g.0,2367,2449,"Gomez, ein junger Hirt, (Tenor)",5,neuer,ADJA,neu,7573,,
tg,kq6g.0,2367,2449,"Gomez, ein junger Hirt, (Tenor)",5,Kummer,NN,kummer,7573,,
tg,kq6g.0,2367,2449,"Gomez, ein junger Hirt, (Tenor)",5,",","$,",--,7573,,
tg,kq6g.0,2367,2449,"Gomez, ein junger Hirt, (Tenor)",5,mir,PPER,sich,7573,"Gomez, ein junger Hirt, (Tenor)",5
tg,kq6g.0,2367,2449,"Gomez, ein junger Hirt, (Tenor)",5,noch,ADV,noch,7573,,
tg,kq6g.0,2367,2449,"Gomez, ein junger Hirt, (Tenor)",5,unbekannt,ADJD,unbekannt,7573,,
tg,kq6g.0,2367,2449,"Gomez, ein junger Hirt, (Tenor)",5,",","$,",--,7573,,
tg,kq6g.0,2367,2449,"Gomez, ein junger Hirt, (Tenor)",5,Erfüllt,VVFIN,erfüllt,7573,,
tg,kq6g.0,2367,2449,"Gomez, ein junger Hirt, (Tenor)",5,dein,PPOSAT,dein,7573,,
tg,kq6g.0,2367,2449,"Gomez, ein junger Hirt, (Tenor)",5,treues,ADJA,treu,7573,,
tg,kq6g.0,2367,2449,"Gomez, ein junger Hirt, (Tenor)",5,Herz,NN,herz,7573,,
tg,kq6g.0,2367,2449,"Gomez, ein junger Hirt, (Tenor)",5,?,$.,--,7573,,
tg,kq6g.0,2455,2533,"Gabriele, seine Nichte, (Sopran)",2,Dein,PPOSAT,dein,7573,,
tg,kq6g.0,2455,2533,"Gabriele, seine Nichte, (Sopran)",2,holdes,ADJA,hold,7573,,
tg,kq6g.0,2455,2533,"Gabriele, seine Nichte, (Sopran)",2,Täubchen,NN,täubchen,7573,,
tg,kq6g.0,2455,2533,"Gabriele, seine Nichte, (Sopran)",2,",","$,",--,7573,,
tg,kq6g.0,2455,2533,"Gabriele, seine Nichte, (Sopran)",2,mein,PPOSAT,mein,7573,"Gabriele, seine Nichte, (Sopran)",2
tg,kq6g.0,2455,2533,"Gabriele, seine Nichte, (Sopran)",2,einz'ger,ADJA,einz'g,7573,,
tg,kq6g.0,2455,2533,"Gabriele, seine Nichte, (Sopran)",2,Trost,NN,trost,7573,,
tg,kq6g.0,2455,2533,"Gabriele, seine Nichte, (Sopran)",2,",","$,",--,7573,,
tg,kq6g.0,2455,2533,"Gabriele, seine Nichte, (Sopran)",2,es,PPER,es,7573,,
tg,kq6g.0,2455,2533,"Gabriele, seine Nichte, (Sopran)",2,ist,VAFIN,sein,7573,,
tg,kq6g.0,2455,2533,"Gabriele, seine Nichte, (Sopran)",2,dahin,PROAV,dahin,7573,,
tg,kq6g.0,2455,2533,"Gabriele, seine Nichte, (Sopran)",2,"!",$.,--,7573,,
tg,kq6g.0,2538,2629,"Gomez, ein junger Hirt, (Tenor)",5,Wär's,NE,wär's,7573,,
tg,kq6g.0,2538,2629,"Gomez, ein junger Hirt, (Tenor)",5,möglich,ADJD,möglich,7573,,
tg,kq6g.0,2538,2629,"Gomez, ein junger Hirt, (Tenor)",5,?,$.,--,7573,,
tg,kq6g.0,2538,2629,"Gomez, ein junger Hirt, (Tenor)",5,So,ADV,so,7573,,
tg,kq6g.0,2538,2629,"Gomez, ein junger Hirt, (Tenor)",5,grausam,ADJD,grausam,7573,,
tg,kq6g.0,2538,2629,"Gomez, ein junger Hirt, (Tenor)",5,wär,VAFIN,sein,7573,,
tg,kq6g.0,2538,2629,"Gomez, ein junger Hirt, (Tenor)",5,',$[,--,7573,,
tg,kq6g.0,2538,2629,"Gomez, ein junger Hirt, (Tenor)",5,ihr,PPOSAT,ihr,7573,,
tg,kq6g.0,2538,2629,"Gomez, ein junger Hirt, (Tenor)",5,Haß,NN,haß,7573,,
tg,kq6g.0,2538,2629,"Gomez, ein junger Hirt, (Tenor)",5,",","$,",--,7573,,
tg,kq6g.0,2538,2629,"Gomez, ein junger Hirt, (Tenor)",5,Daß,KOUS,daß,7573,,
tg,kq6g.0,2538,2629,"Gomez, ein junger Hirt, (Tenor)",5,selbst,ADV,selbst,7573,,
tg,kq6g.0,2538,2629,"Gomez, ein junger Hirt, (Tenor)",5,das,ART,der,7573,,
tg,kq6g.0,2538,2629,"Gomez, ein junger Hirt, (Tenor)",5,Täubchen,NN,täubchen,7573,,
tg,kq6g.0,2538,2629,"Gomez, ein junger Hirt, (Tenor)",5,sie,PPER,sie,7573,,
tg,kq6g.0,2538,2629,"Gomez, ein junger Hirt, (Tenor)",5,dir,PRF,dir,7573,,
tg,kq6g.0,2538,2629,"Gomez, ein junger Hirt, (Tenor)",5,entrissen,VVPP,entreißen,7573,,
tg,kq6g.0,2538,2629,"Gomez, ein junger Hirt, (Tenor)",5,?,$.,--,7573,,
tg,kq6g.0,2635,2872,"Gabriele, seine Nichte, (Sopran)",2,Nein,PTKANT,nein,7573,,
tg,kq6g.0,2635,2872,"Gabriele, seine Nichte, (Sopran)",2,",","$,",--,7573,,
tg,kq6g.0,2635,2872,"Gabriele, seine Nichte, (Sopran)",2,du,PPER,du,7573,,
tg,kq6g.0,2635,2872,"Gabriele, seine Nichte, (Sopran)",2,irrst,ADV,irrst,7573,,
tg,kq6g.0,2635,2872,"Gabriele, seine Nichte, (Sopran)",2,",","$,",--,7573,,
tg,kq6g.0,2635,2872,"Gabriele, seine Nichte, (Sopran)",2,ein,ART,ein,7573,,
tg,kq6g.0,2635,2872,"Gabriele, seine Nichte, (Sopran)",2,Adler,NN,adler,7573,,
tg,kq6g.0,2635,2872,"Gabriele, seine Nichte, (Sopran)",2,trug,VVFIN,tragen,7573,,
tg,kq6g.0,2635,2872,"Gabriele, seine Nichte, (Sopran)",2,es,PPER,es,7573,,
tg,kq6g.0,2635,2872,"Gabriele, seine Nichte, (Sopran)",2,Vor,APPR,vor,7573,,
tg,kq6g.0,2635,2872,"Gabriele, seine Nichte, (Sopran)",2,meinen,PPOSAT,mein,7573,"Gabriele, seine Nichte, (Sopran)",2
tg,kq6g.0,2635,2872,"Gabriele, seine Nichte, (Sopran)",2,Augen,NN,auge,7573,,
tg,kq6g.0,2635,2872,"Gabriele, seine Nichte, (Sopran)",2,fort,PTKVZ,fort,7573,,
tg,kq6g.0,2635,2872,"Gabriele, seine Nichte, (Sopran)",2,",","$,",--,7573,,
tg,kq6g.0,2635,2872,"Gabriele, seine Nichte, (Sopran)",2,hinauf,ADV,hinauf,7573,,
tg,kq6g.0,2635,2872,"Gabriele, seine Nichte, (Sopran)",2,nach,APPR,nach,7573,,
tg,kq6g.0,2635,2872,"Gabriele, seine Nichte, (Sopran)",2,jenen,PDAT,jener,7573,,
tg,kq6g.0,2635,2872,"Gabriele, seine Nichte, (Sopran)",2,Felsenhöhn,NN,felsenhöhn,7573,,
tg,kq6g.0,2635,2872,"Gabriele, seine Nichte, (Sopran)",2,"!",$.,--,7573,,
tg,kq6g.0,2635,2872,"Gabriele, seine Nichte, (Sopran)",2,Vergebens,ADV,vergebens,7573,,
tg,kq6g.0,2635,2872,"Gabriele, seine Nichte, (Sopran)",2,rang,VVFIN,ringen,7573,,
tg,kq6g.0,2635,2872,"Gabriele, seine Nichte, (Sopran)",2,ich,PPER,ich,7573,"Gabriele, seine Nichte, (Sopran)",2
tg,kq6g.0,2635,2872,"Gabriele, seine Nichte, (Sopran)",2,meine,PPOSAT,mein,7573,"Gabriele, seine Nichte, (Sopran)",2
tg,kq6g.0,2635,2872,"Gabriele, seine Nichte, (Sopran)",2,Hände,NN,hand,7573,,
tg,kq6g.0,2635,2872,"Gabriele, seine Nichte, (Sopran)",2,"!",$.,--,7573,,
tg,kq6g.0,2635,2872,"Gabriele, seine Nichte, (Sopran)",2,Ach,ITJ,ach,7573,,
tg,kq6g.0,2635,2872,"Gabriele, seine Nichte, (Sopran)",2,",","$,",--,7573,,
tg,kq6g.0,2635,2872,"Gabriele, seine Nichte, (Sopran)",2,Mit,APPR,mit,7573,,
tg,kq6g.0,2635,2872,"Gabriele, seine Nichte, (Sopran)",2,dieser,PDAT,dieser,7573,,
tg,kq6g.0,2635,2872,"Gabriele, seine Nichte, (Sopran)",2,Taube,NE,taube,7573,,
tg,kq6g.0,2635,2872,"Gabriele, seine Nichte, (Sopran)",2,schwand,VVFIN,schwinden,7573,,
tg,kq6g.0,2635,2872,"Gabriele, seine Nichte, (Sopran)",2,auch,ADV,auch,7573,,
tg,kq6g.0,2635,2872,"Gabriele, seine Nichte, (Sopran)",2,dahin,PROAV,dahin,7573,,
tg,kq6g.0,2635,2872,"Gabriele, seine Nichte, (Sopran)",2,die,ART,der,7573,,
tg,kq6g.0,2635,2872,"Gabriele, seine Nichte, (Sopran)",2,letzte,ADJA,letzter,7573,,
tg,kq6g.0,2635,2872,"Gabriele, seine Nichte, (Sopran)",2,Einz'ge,NN,einz'g,7573,,
tg,kq6g.0,2635,2872,"Gabriele, seine Nichte, (Sopran)",2,Freude,NN,freude,7573,,
tg,kq6g.0,2635,2872,"Gabriele, seine Nichte, (Sopran)",2,"!",$.,--,7573,,
tg,kq6g.0,2878,2899,"Gomez, ein junger Hirt, (Tenor)",5,Verzage,NN,verzage,7573,,
tg,kq6g.0,2878,2899,"Gomez, ein junger Hirt, (Tenor)",5,nicht,PTKNEG,nicht,7573,,
tg,kq6g.0,2878,2899,"Gomez, ein junger Hirt, (Tenor)",5,"!",$.,--,7573,,
tg,kq6g.0,2904,2930,"Gabriele, seine Nichte, (Sopran)",2,Was,PWS,was,7573,,
tg,kq6g.0,2904,2930,"Gabriele, seine Nichte, (Sopran)",2,hast,VAFIN,haben,7573,,
tg,kq6g.0,2904,2930,"Gabriele, seine Nichte, (Sopran)",2,du,PPER,du,7573,,
tg,kq6g.0,2904,2930,"Gabriele, seine Nichte, (Sopran)",2,vor,PTKVZ,vor,7573,,
tg,kq6g.0,2904,2930,"Gabriele, seine Nichte, (Sopran)",2,?,$.,--,7573,,
tg,kq6g.0,2935,3046,"Gomez, ein junger Hirt, (Tenor)",5,Ich,PPER,ich,7573,,
tg,kq6g.0,2935,3046,"Gomez, ein junger Hirt, (Tenor)",5,will,VMFIN,wollen,7573,,
tg,kq6g.0,2935,3046,"Gomez, ein junger Hirt, (Tenor)",5,das,ART,der,7573,,
tg,kq6g.0,2935,3046,"Gomez, ein junger Hirt, (Tenor)",5,Letzte,NN,letzter,7573,,
tg,kq6g.0,2935,3046,"Gomez, ein junger Hirt, (Tenor)",5,noch,ADV,noch,7573,,
tg,kq6g.0,2935,3046,"Gomez, ein junger Hirt, (Tenor)",5,versuchen,VVINF,versuchen,7573,,
tg,kq6g.0,2935,3046,"Gomez, ein junger Hirt, (Tenor)",5,",","$,",--,7573,,
tg,kq6g.0,2935,3046,"Gomez, ein junger Hirt, (Tenor)",5,was,PWS,was,7573,,
tg,kq6g.0,2935,3046,"Gomez, ein junger Hirt, (Tenor)",5,Ein,ART,ein,7573,,
tg,kq6g.0,2935,3046,"Gomez, ein junger Hirt, (Tenor)",5,Engel,NN,engel,7573,,
tg,kq6g.0,2935,3046,"Gomez, ein junger Hirt, (Tenor)",5,mir,PPER,sich,7573,"Gomez, ein junger Hirt, (Tenor)",5
tg,kq6g.0,2935,3046,"Gomez, ein junger Hirt, (Tenor)",5,in,APPR,in,7573,,
tg,kq6g.0,2935,3046,"Gomez, ein junger Hirt, (Tenor)",5,die,ART,der,7573,,
tg,kq6g.0,2935,3046,"Gomez, ein junger Hirt, (Tenor)",5,Seele,NN,seele,7573,,
tg,kq6g.0,2935,3046,"Gomez, ein junger Hirt, (Tenor)",5,legte,VVFIN,legen,7573,,
tg,kq6g.0,2935,3046,"Gomez, ein junger Hirt, (Tenor)",5,.,$.,--,7573,,
tg,kq6g.0,2935,3046,"Gomez, ein junger Hirt, (Tenor)",5,Höre,NE,hören,7573,,
tg,kq6g.0,2935,3046,"Gomez, ein junger Hirt, (Tenor)",5,mich,PRF,mich,7573,"Gomez, ein junger Hirt, (Tenor)",5
tg,kq6g.0,2935,3046,"Gomez, ein junger Hirt, (Tenor)",5,"!",$.,--,7573,,
tg,kq6g.0,3052,3325,"Gomez, ein junger Hirt, (Tenor)",5,Trauernd,NE,trauernd,7573,,
tg,kq6g.0,3052,3325,"Gomez, ein junger Hirt, (Tenor)",5,trieb,VVFIN,treiben,7573,,
tg,kq6g.0,3052,3325,"Gomez, ein junger Hirt, (Tenor)",5,ich,PPER,ich,7573,"Gomez, ein junger Hirt, (Tenor)",5
tg,kq6g.0,3052,3325,"Gomez, ein junger Hirt, (Tenor)",5,meine,PPOSAT,mein,7573,"Gomez, ein junger Hirt, (Tenor)",5
tg,kq6g.0,3052,3325,"Gomez, ein junger Hirt, (Tenor)",5,Herde,NN,herd,7573,,
tg,kq6g.0,3052,3325,"Gomez, ein junger Hirt, (Tenor)",5,An,APPR,an,7573,,
tg,kq6g.0,3052,3325,"Gomez, ein junger Hirt, (Tenor)",5,den,ART,der,7573,,
tg,kq6g.0,3052,3325,"Gomez, ein junger Hirt, (Tenor)",5,stillen,ADJA,still,7573,,
tg,kq6g.0,3052,3325,"Gomez, ein junger Hirt, (Tenor)",5,Erlenbach,NE,erlenbach,7573,,
tg,kq6g.0,3052,3325,"Gomez, ein junger Hirt, (Tenor)",5,",","$,",--,7573,,
tg,kq6g.0,3052,3325,"Gomez, ein junger Hirt, (Tenor)",5,Und,KON,und,7573,,
tg,kq6g.0,3052,3325,"Gomez, ein junger Hirt, (Tenor)",5,den,ART,der,7573,,
tg,kq6g.0,3052,3325,"Gomez, ein junger Hirt, (Tenor)",5,Blick,NN,blick,7573,,
tg,kq6g.0,3052,3325,"Gomez, ein junger Hirt, (Tenor)",5,gesenkt,VVPP,senken,7573,,
tg,kq6g.0,3052,3325,"Gomez, ein junger Hirt, (Tenor)",5,zur,APPRART,zu,7573,,
tg,kq6g.0,3052,3325,"Gomez, ein junger Hirt, (Tenor)",5,Erde,NN,erde,7573,,
tg,kq6g.0,3052,3325,"Gomez, ein junger Hirt, (Tenor)",5,",","$,",--,7573,,
tg,kq6g.0,3052,3325,"Gomez, ein junger Hirt, (Tenor)",5,Sah,VVFIN,sah,7573,,
tg,kq6g.0,3052,3325,"Gomez, ein junger Hirt, (Tenor)",5,ich,PPER,ich,7573,"Gomez, ein junger Hirt, (Tenor)",5
tg,kq6g.0,3052,3325,"Gomez, ein junger Hirt, (Tenor)",5,seinen,PPOSAT,sein,7573,,
tg,kq6g.0,3052,3325,"Gomez, ein junger Hirt, (Tenor)",5,Wellen,NN,welle,7573,,
tg,kq6g.0,3052,3325,"Gomez, ein junger Hirt, (Tenor)",5,nach,PTKVZ,nach,7573,,
tg,kq6g.0,3052,3325,"Gomez, ein junger Hirt, (Tenor)",5,.,$.,--,7573,,
tg,kq6g.0,3052,3325,"Gomez, ein junger Hirt, (Tenor)",5,Keinen,PIAT,kein,7573,,
tg,kq6g.0,3052,3325,"Gomez, ein junger Hirt, (Tenor)",5,Wandrer,NN,wandrer,7573,,
tg,kq6g.0,3052,3325,"Gomez, ein junger Hirt, (Tenor)",5,sah,VVFIN,sehen,7573,,
tg,kq6g.0,3052,3325,"Gomez, ein junger Hirt, (Tenor)",5,man,PIS,man,7573,,
tg,kq6g.0,3052,3325,"Gomez, ein junger Hirt, (Tenor)",5,gehen,VVINF,gehen,7573,,
tg,kq6g.0,3052,3325,"Gomez, ein junger Hirt, (Tenor)",5,",","$,",--,7573,,
tg,kq6g.0,3052,3325,"Gomez, ein junger Hirt, (Tenor)",5,Und,KON,und,7573,,
tg,kq6g.0,3052,3325,"Gomez, ein junger Hirt, (Tenor)",5,kein,PIAT,kein,7573,,
tg,kq6g.0,3052,3325,"Gomez, ein junger Hirt, (Tenor)",5,Lüftchen,NN,lüftchen,7573,,
tg,kq6g.0,3052,3325,"Gomez, ein junger Hirt, (Tenor)",5,fühlt,VVFIN,fühlen,7573,,
tg,kq6g.0,3052,3325,"Gomez, ein junger Hirt, (Tenor)",5,',$[,--,7573,,
tg,kq6g.0,3052,3325,"Gomez, ein junger Hirt, (Tenor)",5,ich,PPER,ich,7573,"Gomez, ein junger Hirt, (Tenor)",5
tg,kq6g.0,3052,3325,"Gomez, ein junger Hirt, (Tenor)",5,wehen,VVFIN,wehen,7573,,
tg,kq6g.0,3052,3325,"Gomez, ein junger Hirt, (Tenor)",5,",","$,",--,7573,,
tg,kq6g.0,3052,3325,"Gomez, ein junger Hirt, (Tenor)",5,Ödes,NN,öd,7573,,
tg,kq6g.0,3052,3325,"Gomez, ein junger Hirt, (Tenor)",5,Schweigen,NN,schweigen,7573,,
tg,kq6g.0,3052,3325,"Gomez, ein junger Hirt, (Tenor)",5,herrschte,VVFIN,herrschen,7573,,
tg,kq6g.0,3052,3325,"Gomez, ein junger Hirt, (Tenor)",5,nur,ADV,nur,7573,,
tg,kq6g.0,3052,3325,"Gomez, ein junger Hirt, (Tenor)",5,",","$,",--,7573,,
tg,kq6g.0,3052,3325,"Gomez, ein junger Hirt, (Tenor)",5,Ödes,NN,öd,7573,,
tg,kq6g.0,3052,3325,"Gomez, ein junger Hirt, (Tenor)",5,Schweigen,NN,schweigen,7573,,
tg,kq6g.0,3052,3325,"Gomez, ein junger Hirt, (Tenor)",5,auf,APPR,auf,7573,,
tg,kq6g.0,3052,3325,"Gomez, ein junger Hirt, (Tenor)",5,der,ART,der,7573,,
tg,kq6g.0,3052,3325,"Gomez, ein junger Hirt, (Tenor)",5,buntgeschmückten,ADJA,buntgeschmückt,7573,,
tg,kq6g.0,3052,3325,"Gomez, ein junger Hirt, (Tenor)",5,Flur,NN,flur,7573,,
tg,kq6g.0,3052,3325,"Gomez, ein junger Hirt, (Tenor)",5,.,$.,--,7573,,
tg,kq6g.0,3331,3611,"Gabriele, seine Nichte, (Sopran)",2,Ach,ITJ,ach,7573,,
tg,kq6g.0,3331,3611,"Gabriele, seine Nichte, (Sopran)",2,",","$,",--,7573,,
tg,kq6g.0,3331,3611,"Gabriele, seine Nichte, (Sopran)",2,wie,PWAV,wie,7573,,
tg,kq6g.0,3331,3611,"Gabriele, seine Nichte, (Sopran)",2,fühl,ADJD,fühl,7573,,
tg,kq6g.0,3331,3611,"Gabriele, seine Nichte, (Sopran)",2,',$[,--,7573,,
tg,kq6g.0,3331,3611,"Gabriele, seine Nichte, (Sopran)",2,ich,PPER,ich,7573,"Gabriele, seine Nichte, (Sopran)",2
tg,kq6g.0,3331,3611,"Gabriele, seine Nichte, (Sopran)",2,seine,PPOSAT,sein,7573,,
tg,kq6g.0,3331,3611,"Gabriele, seine Nichte, (Sopran)",2,Leiden,NN,leid,7573,,
tg,kq6g.0,3331,3611,"Gabriele, seine Nichte, (Sopran)",2,In,APPR,in,7573,,
tg,kq6g.0,3331,3611,"Gabriele, seine Nichte, (Sopran)",2,der,ART,der,7573,,
tg,kq6g.0,3331,3611,"Gabriele, seine Nichte, (Sopran)",2,gleichgestimmten,ADJA,gleichgestimmt,7573,,
tg,kq6g.0,3331,3611,"Gabriele, seine Nichte, (Sopran)",2,Brust,NN,brust,7573,,
tg,kq6g.0,3331,3611,"Gabriele, seine Nichte, (Sopran)",2,;,$.,--,7573,,
tg,kq6g.0,3331,3611,"Gabriele, seine Nichte, (Sopran)",2,Denn,KON,denn,7573,,
tg,kq6g.0,3331,3611,"Gabriele, seine Nichte, (Sopran)",2,erstorben,VVPP,ersterben,7573,,
tg,kq6g.0,3331,3611,"Gabriele, seine Nichte, (Sopran)",2,sind,VAFIN,sein,7573,,
tg,kq6g.0,3331,3611,"Gabriele, seine Nichte, (Sopran)",2,die,ART,der,7573,,
tg,kq6g.0,3331,3611,"Gabriele, seine Nichte, (Sopran)",2,Freuden,NN,freude,7573,,
tg,kq6g.0,3331,3611,"Gabriele, seine Nichte, (Sopran)",2,",","$,",--,7573,,
tg,kq6g.0,3331,3611,"Gabriele, seine Nichte, (Sopran)",2,Nimmer,NE,nimmer,7573,,
tg,kq6g.0,3331,3611,"Gabriele, seine Nichte, (Sopran)",2,",","$,",--,7573,,
tg,kq6g.0,3331,3611,"Gabriele, seine Nichte, (Sopran)",2,nimmer,ADJD,nimmer,7573,,
tg,kq6g.0,3331,3611,"Gabriele, seine Nichte, (Sopran)",2,blüht,VVFIN,blühen,7573,,
tg,kq6g.0,3331,3611,"Gabriele, seine Nichte, (Sopran)",2,uns,PPER,uns,7573,,
tg,kq6g.0,3331,3611,"Gabriele, seine Nichte, (Sopran)",2,Glück,NN,glück,7573,,
tg,kq6g.0,3331,3611,"Gabriele, seine Nichte, (Sopran)",2,und,KON,und,7573,,
tg,kq6g.0,3331,3611,"Gabriele, seine Nichte, (Sopran)",2,Lust,NN,lust,7573,,
tg,kq6g.0,3331,3611,"Gabriele, seine Nichte, (Sopran)",2,.,$.,--,7573,,
tg,kq6g.0,3331,3611,"Gabriele, seine Nichte, (Sopran)",2,Fahre,NN,fahr,7573,,
tg,kq6g.0,3331,3611,"Gabriele, seine Nichte, (Sopran)",2,fort,PTKVZ,fort,7573,,
tg,kq6g.0,3331,3611,"Gabriele, seine Nichte, (Sopran)",2,"!",$.,--,7573,,
tg,kq6g.0,3617,3737,"Gomez, ein junger Hirt, (Tenor)",5,Da,ADV,da,7573,,
tg,kq6g.0,3617,3737,"Gomez, ein junger Hirt, (Tenor)",5,wiederhallten,VVFIN,wiederhallt,7573,,
tg,kq6g.0,3617,3737,"Gomez, ein junger Hirt, (Tenor)",5,Durch,APPR,durch,7573,,
tg,kq6g.0,3617,3737,"Gomez, ein junger Hirt, (Tenor)",5,der,ART,der,7573,,
tg,kq6g.0,3617,3737,"Gomez, ein junger Hirt, (Tenor)",5,Berge,NN,berg,7573,,
tg,kq6g.0,3617,3737,"Gomez, ein junger Hirt, (Tenor)",5,düstre,ADJA,düstr,7573,,
tg,kq6g.0,3617,3737,"Gomez, ein junger Hirt, (Tenor)",5,Spalten,NN,spalten,7573,,
tg,kq6g.0,3617,3737,"Gomez, ein junger Hirt, (Tenor)",5,",","$,",--,7573,,
tg,kq6g.0,3617,3737,"Gomez, ein junger Hirt, (Tenor)",5,Durch,APPR,durch,7573,,
tg,kq6g.0,3617,3737,"Gomez, ein junger Hirt, (Tenor)",5,die,ART,der,7573,,
tg,kq6g.0,3617,3737,"Gomez, ein junger Hirt, (Tenor)",5,Schlucht,NN,schlucht,7573,,
tg,kq6g.0,3617,3737,"Gomez, ein junger Hirt, (Tenor)",5,am,APPRART,an,7573,,
tg,kq6g.0,3617,3737,"Gomez, ein junger Hirt, (Tenor)",5,Felsenhang,NN,felsenhang,7573,,
tg,kq6g.0,3617,3737,"Gomez, ein junger Hirt, (Tenor)",5,Jagdgetös,NE,jagdgetös,7573,,
tg,kq6g.0,3617,3737,"Gomez, ein junger Hirt, (Tenor)",5,',$[,--,7573,,
tg,kq6g.0,3617,3737,"Gomez, ein junger Hirt, (Tenor)",5,und,KON,und,7573,,
tg,kq6g.0,3617,3737,"Gomez, ein junger Hirt, (Tenor)",5,Hörnerklang,NN,hörnerklang,7573,,
tg,kq6g.0,3617,3737,"Gomez, ein junger Hirt, (Tenor)",5,.,$.,--,7573,,
tg,kq6g.0,3743,3781,"Gabriele, seine Nichte, (Sopran)",2,Wie,PWAV,wie,7573,,
tg,kq6g.0,3743,3781,"Gabriele, seine Nichte, (Sopran)",2,geschah,VVFIN,geschehen,7573,,
tg,kq6g.0,3743,3781,"Gabriele, seine Nichte, (Sopran)",2,es,PPER,es,7573,,
tg,kq6g.0,3743,3781,"Gabriele, seine Nichte, (Sopran)",2,?,$.,--,7573,,
tg,kq6g.0,3786,3900,"Gomez, ein junger Hirt, (Tenor)",5,In,APPR,in,7573,,
tg,kq6g.0,3786,3900,"Gomez, ein junger Hirt, (Tenor)",5,der,ART,der,7573,,
tg,kq6g.0,3786,3900,"Gomez, ein junger Hirt, (Tenor)",5,Runde,NN,runde,7573,,
tg,kq6g.0,3786,3900,"Gomez, ein junger Hirt, (Tenor)",5,Scholl's,NE,scholl's,7573,,
tg,kq6g.0,3786,3900,"Gomez, ein junger Hirt, (Tenor)",5,nun,ADV,nun,7573,,
tg,kq6g.0,3786,3900,"Gomez, ein junger Hirt, (Tenor)",5,aus,APPR,aus,7573,,
tg,kq6g.0,3786,3900,"Gomez, ein junger Hirt, (Tenor)",5,der,ART,der,7573,,
tg,kq6g.0,3786,3900,"Gomez, ein junger Hirt, (Tenor)",5,Hirten,NN,hirt,7573,,
tg,kq6g.0,3786,3900,"Gomez, ein junger Hirt, (Tenor)",5,Munde,NN,mund,7573,,
tg,kq6g.0,3786,3900,"Gomez, ein junger Hirt, (Tenor)",5,:,$.,--,7573,,
tg,kq6g.0,3786,3900,"Gomez, ein junger Hirt, (Tenor)",5,»,XY,»,7573,,
tg,kq6g.0,3786,3900,"Gomez, ein junger Hirt, (Tenor)",5,Hört,PTKVZ,hören,7573,,
tg,kq6g.0,3786,3900,"Gomez, ein junger Hirt, (Tenor)",5,",","$,",--,7573,,
tg,kq6g.0,3786,3900,"Gomez, ein junger Hirt, (Tenor)",5,die,ART,der,7573,,
tg,kq6g.0,3786,3900,"Gomez, ein junger Hirt, (Tenor)",5,kaiserliche,ADJA,kaiserlich,7573,,
tg,kq6g.0,3786,3900,"Gomez, ein junger Hirt, (Tenor)",5,Jagd,NN,jagd,7573,,
tg,kq6g.0,3786,3900,"Gomez, ein junger Hirt, (Tenor)",5,",","$,",--,7573,,
tg,kq6g.0,3786,3900,"Gomez, ein junger Hirt, (Tenor)",5,Die,PRELS,der,7573,,
tg,kq6g.0,3786,3900,"Gomez, ein junger Hirt, (Tenor)",5,man,PIS,man,7573,,
tg,kq6g.0,3786,3900,"Gomez, ein junger Hirt, (Tenor)",5,gestern,ADV,gestern,7573,,
tg,kq6g.0,3786,3900,"Gomez, ein junger Hirt, (Tenor)",5,angesagt,VVPP,ansagen,7573,,
tg,kq6g.0,3786,3900,"Gomez, ein junger Hirt, (Tenor)",5,.,$.,--,7573,,
tg,kq6g.0,3786,3900,"Gomez, ein junger Hirt, (Tenor)",5,«,XY,«,7573,,
tg,kq6g.0,3906,3977,"Gabriele, seine Nichte, (Sopran)",2,Glaubte,VVFIN,glauben,7573,,
tg,kq6g.0,3906,3977,"Gabriele, seine Nichte, (Sopran)",2,man,PIS,man,7573,,
tg,kq6g.0,3906,3977,"Gabriele, seine Nichte, (Sopran)",2,doch,ADV,doch,7573,,
tg,kq6g.0,3906,3977,"Gabriele, seine Nichte, (Sopran)",2,unsern,ADV,unsern,7573,,
tg,kq6g.0,3906,3977,"Gabriele, seine Nichte, (Sopran)",2,Herrn,NN,herr,7573,,
tg,kq6g.0,3906,3977,"Gabriele, seine Nichte, (Sopran)",2,In,APPR,in,7573,,
tg,kq6g.0,3906,3977,"Gabriele, seine Nichte, (Sopran)",2,des,ART,der,7573,,
tg,kq6g.0,3906,3977,"Gabriele, seine Nichte, (Sopran)",2,Auslands,NN,ausland,7573,,
tg,kq6g.0,3906,3977,"Gabriele, seine Nichte, (Sopran)",2,weiter,ADV,weiter,7573,,
tg,kq6g.0,3906,3977,"Gabriele, seine Nichte, (Sopran)",2,Fern,NN,fer,7573,,
tg,kq6g.0,3906,3977,"Gabriele, seine Nichte, (Sopran)",2,',$[,--,7573,,
tg,kq6g.0,3906,3977,"Gabriele, seine Nichte, (Sopran)",2,.,$.,--,7573,,
tg,kq6g.0,3983,4145,"Gomez, ein junger Hirt, (Tenor)",5,Ja,PTKANT,ja,7573,,
tg,kq6g.0,3983,4145,"Gomez, ein junger Hirt, (Tenor)",5,"!",$.,--,7573,,
tg,kq6g.0,3983,4145,"Gomez, ein junger Hirt, (Tenor)",5,Ja,PTKANT,ja,7573,,
tg,kq6g.0,3983,4145,"Gomez, ein junger Hirt, (Tenor)",5,"!",$.,--,7573,,
tg,kq6g.0,3983,4145,"Gomez, ein junger Hirt, (Tenor)",5,Doch,KON,doch,7573,,
tg,kq6g.0,3983,4145,"Gomez, ein junger Hirt, (Tenor)",5,war's,VVFIN,war's,7573,,
tg,kq6g.0,3983,4145,"Gomez, ein junger Hirt, (Tenor)",5,der,ART,der,7573,,
tg,kq6g.0,3983,4145,"Gomez, ein junger Hirt, (Tenor)",5,Prinzregent,NN,prinzregent,7573,,
tg,kq6g.0,3983,4145,"Gomez, ein junger Hirt, (Tenor)",5,",","$,",--,7573,,
tg,kq6g.0,3983,4145,"Gomez, ein junger Hirt, (Tenor)",5,Den,ART,der,7573,,
tg,kq6g.0,3983,4145,"Gomez, ein junger Hirt, (Tenor)",5,man,PIS,man,7573,,
tg,kq6g.0,3983,4145,"Gomez, ein junger Hirt, (Tenor)",5,nur,ADV,nur,7573,,
tg,kq6g.0,3983,4145,"Gomez, ein junger Hirt, (Tenor)",5,»,APPR,»,7573,,
tg,kq6g.0,3983,4145,"Gomez, ein junger Hirt, (Tenor)",5,den,ART,der,7573,,
tg,kq6g.0,3983,4145,"Gomez, ein junger Hirt, (Tenor)",5,Guten,ADJA,gute,7573,,
tg,kq6g.0,3983,4145,"Gomez, ein junger Hirt, (Tenor)",5,«,NN,«,7573,,
tg,kq6g.0,3983,4145,"Gomez, ein junger Hirt, (Tenor)",5,neunt,VVFIN,neunen,7573,,
tg,kq6g.0,3983,4145,"Gomez, ein junger Hirt, (Tenor)",5,.,$.,--,7573,,
tg,kq6g.0,3983,4145,"Gomez, ein junger Hirt, (Tenor)",5,–,XY,–,7573,,
tg,kq6g.0,3983,4145,"Gomez, ein junger Hirt, (Tenor)",5,Mit,APPR,mit,7573,,
tg,kq6g.0,3983,4145,"Gomez, ein junger Hirt, (Tenor)",5,dem,ART,der,7573,,
tg,kq6g.0,3983,4145,"Gomez, ein junger Hirt, (Tenor)",5,Mut,NN,mut,7573,,
tg,kq6g.0,3983,4145,"Gomez, ein junger Hirt, (Tenor)",5,",","$,",--,7573,,
tg,kq6g.0,3983,4145,"Gomez, ein junger Hirt, (Tenor)",5,den,ART,der,7573,,
tg,kq6g.0,3983,4145,"Gomez, ein junger Hirt, (Tenor)",5,Liebe,NN,liebe,7573,,
tg,kq6g.0,3983,4145,"Gomez, ein junger Hirt, (Tenor)",5,giebt,VVFIN,gieben,7573,,
tg,kq6g.0,3983,4145,"Gomez, ein junger Hirt, (Tenor)",5,",","$,",--,7573,,
tg,kq6g.0,3983,4145,"Gomez, ein junger Hirt, (Tenor)",5,Dring,FM,dring,7573,,
tg,kq6g.0,3983,4145,"Gomez, ein junger Hirt, (Tenor)",5,',$[,--,7573,,
tg,kq6g.0,3983,4145,"Gomez, ein junger Hirt, (Tenor)",5,ich,PPER,ich,7573,"Gomez, ein junger Hirt, (Tenor)",5
tg,kq6g.0,3983,4145,"Gomez, ein junger Hirt, (Tenor)",5,bis,APPR,bis,7573,,
tg,kq6g.0,3983,4145,"Gomez, ein junger Hirt, (Tenor)",5,zu,APPR,zu,7573,,
tg,kq6g.0,3983,4145,"Gomez, ein junger Hirt, (Tenor)",5,ihm,PPER,ihm,7573,,
tg,kq6g.0,3983,4145,"Gomez, ein junger Hirt, (Tenor)",5,hinan,VVFIN,hinan,7573,,
tg,kq6g.0,3983,4145,"Gomez, ein junger Hirt, (Tenor)",5,.,$.,--,7573,,
tg,kq6g.0,4151,4310,"Gomez, ein junger Hirt, (Tenor)",5,Wer,PWS,wer,7573,,
tg,kq6g.0,4151,4310,"Gomez, ein junger Hirt, (Tenor)",5,so,ADV,so,7573,,
tg,kq6g.0,4151,4310,"Gomez, ein junger Hirt, (Tenor)",5,heiß,ADJD,heiß,7573,,
tg,kq6g.0,4151,4310,"Gomez, ein junger Hirt, (Tenor)",5,",","$,",--,7573,,
tg,kq6g.0,4151,4310,"Gomez, ein junger Hirt, (Tenor)",5,so,ADV,so,7573,,
tg,kq6g.0,4151,4310,"Gomez, ein junger Hirt, (Tenor)",5,innig,ADJD,innig,7573,,
tg,kq6g.0,4151,4310,"Gomez, ein junger Hirt, (Tenor)",5,liebt,VVFIN,lieben,7573,,
tg,kq6g.0,4151,4310,"Gomez, ein junger Hirt, (Tenor)",5,",","$,",--,7573,,
tg,kq6g.0,4151,4310,"Gomez, ein junger Hirt, (Tenor)",5,Ebnet,VVFIN,ebnet,7573,,
tg,kq6g.0,4151,4310,"Gomez, ein junger Hirt, (Tenor)",5,sich,PRF,sich,7573,,
tg,kq6g.0,4151,4310,"Gomez, ein junger Hirt, (Tenor)",5,die,ART,der,7573,,
tg,kq6g.0,4151,4310,"Gomez, ein junger Hirt, (Tenor)",5,Dornenbahn,NN,dornenbahn,7573,,
tg,kq6g.0,4151,4310,"Gomez, ein junger Hirt, (Tenor)",5,.,$.,--,7573,,
tg,kq6g.0,4151,4310,"Gomez, ein junger Hirt, (Tenor)",5,Müßt,VMFIN,müssen,7573,,
tg,kq6g.0,4151,4310,"Gomez, ein junger Hirt, (Tenor)",5,',$[,--,7573,,
tg,kq6g.0,4151,4310,"Gomez, ein junger Hirt, (Tenor)",5,ich,PPER,ich,7573,"Gomez, ein junger Hirt, (Tenor)",5
tg,kq6g.0,4151,4310,"Gomez, ein junger Hirt, (Tenor)",5,auch,ADV,auch,7573,,
tg,kq6g.0,4151,4310,"Gomez, ein junger Hirt, (Tenor)",5,die,ART,der,7573,,
tg,kq6g.0,4151,4310,"Gomez, ein junger Hirt, (Tenor)",5,Jagdlust,NN,jagdlust,7573,,
tg,kq6g.0,4151,4310,"Gomez, ein junger Hirt, (Tenor)",5,stören,VVFIN,stören,7573,,
tg,kq6g.0,4151,4310,"Gomez, ein junger Hirt, (Tenor)",5,",","$,",--,7573,,
tg,kq6g.0,4151,4310,"Gomez, ein junger Hirt, (Tenor)",5,Meine,PPOSAT,mein,7573,,
tg,kq6g.0,4151,4310,"Gomez, ein junger Hirt, (Tenor)",5,Klagen,NN,klage,7573,,
tg,kq6g.0,4151,4310,"Gomez, ein junger Hirt, (Tenor)",5,soll,VMFIN,sollen,7573,,
tg,kq6g.0,4151,4310,"Gomez, ein junger Hirt, (Tenor)",5,er,PPER,er,7573,,
tg,kq6g.0,4151,4310,"Gomez, ein junger Hirt, (Tenor)",5,hören,VVFIN,hören,7573,,
tg,kq6g.0,4151,4310,"Gomez, ein junger Hirt, (Tenor)",5,",","$,",--,7573,,
tg,kq6g.0,4151,4310,"Gomez, ein junger Hirt, (Tenor)",5,Oder,KON,oder,7573,,
tg,kq6g.0,4151,4310,"Gomez, ein junger Hirt, (Tenor)",5,mich,PPER,mich,7573,"Gomez, ein junger Hirt, (Tenor)",5
tg,kq6g.0,4151,4310,"Gomez, ein junger Hirt, (Tenor)",5,verzweifeln,VVFIN,verzweifeln,7573,,
tg,kq6g.0,4151,4310,"Gomez, ein junger Hirt, (Tenor)",5,sehn,CARD,sehn,7573,,
tg,kq6g.0,4151,4310,"Gomez, ein junger Hirt, (Tenor)",5,.,$.,--,7573,,
tg,kq6g.0,4316,4434,"Gabriele, seine Nichte, (Sopran)",2,Ach,ITJ,ach,7573,,
tg,kq6g.0,4316,4434,"Gabriele, seine Nichte, (Sopran)",2,",","$,",--,7573,,
tg,kq6g.0,4316,4434,"Gabriele, seine Nichte, (Sopran)",2,ein,ART,ein,7573,,
tg,kq6g.0,4316,4434,"Gabriele, seine Nichte, (Sopran)",2,Wahn,NN,wahn,7573,,
tg,kq6g.0,4316,4434,"Gabriele, seine Nichte, (Sopran)",2,kann,VMFIN,können,7573,,
tg,kq6g.0,4316,4434,"Gabriele, seine Nichte, (Sopran)",2,dich,PRF,dich,7573,,
tg,kq6g.0,4316,4434,"Gabriele, seine Nichte, (Sopran)",2,bethören,VVINF,bethören,7573,,
tg,kq6g.0,4316,4434,"Gabriele, seine Nichte, (Sopran)",2,",","$,",--,7573,,
tg,kq6g.0,4316,4434,"Gabriele, seine Nichte, (Sopran)",2,Wird,VAFIN,werden,7573,,
tg,kq6g.0,4316,4434,"Gabriele, seine Nichte, (Sopran)",2,er,PPER,er,7573,,
tg,kq6g.0,4316,4434,"Gabriele, seine Nichte, (Sopran)",2,wohl,ADV,wohl,7573,,
tg,kq6g.0,4316,4434,"Gabriele, seine Nichte, (Sopran)",2,den,ART,der,7573,,
tg,kq6g.0,4316,4434,"Gabriele, seine Nichte, (Sopran)",2,Hirten,NN,hirt,7573,,
tg,kq6g.0,4316,4434,"Gabriele, seine Nichte, (Sopran)",2,hören,VVFIN,hören,7573,,
tg,kq6g.0,4316,4434,"Gabriele, seine Nichte, (Sopran)",2,Und,KON,und,7573,,
tg,kq6g.0,4316,4434,"Gabriele, seine Nichte, (Sopran)",2,dein,PPOSAT,dein,7573,,
tg,kq6g.0,4316,4434,"Gabriele, seine Nichte, (Sopran)",2,Mut,NN,mut,7573,,
tg,kq6g.0,4316,4434,"Gabriele, seine Nichte, (Sopran)",2,vor,APPR,vor,7573,,
tg,kq6g.0,4316,4434,"Gabriele, seine Nichte, (Sopran)",2,ihm,PPER,ihm,7573,,
tg,kq6g.0,4316,4434,"Gabriele, seine Nichte, (Sopran)",2,bestehn,VVFIN,bestehn,7573,,
tg,kq6g.0,4316,4434,"Gabriele, seine Nichte, (Sopran)",2,?,$.,--,7573,,
tg,kq6g.0,4440,4503,"Gomez, ein junger Hirt, (Tenor)",5,Meine,PPOSAT,mein,7573,,
tg,kq6g.0,4440,4503,"Gomez, ein junger Hirt, (Tenor)",5,Klagen,NN,klage,7573,,
tg,kq6g.0,4440,4503,"Gomez, ein junger Hirt, (Tenor)",5,soll,VMFIN,sollen,7573,,
tg,kq6g.0,4440,4503,"Gomez, ein junger Hirt, (Tenor)",5,er,PPER,er,7573,,
tg,kq6g.0,4440,4503,"Gomez, ein junger Hirt, (Tenor)",5,hören,VVFIN,hören,7573,,
tg,kq6g.0,4440,4503,"Gomez, ein junger Hirt, (Tenor)",5,Oder,KON,oder,7573,,
tg,kq6g.0,4440,4503,"Gomez, ein junger Hirt, (Tenor)",5,mich,PPER,mich,7573,"Gomez, ein junger Hirt, (Tenor)",5
tg,kq6g.0,4440,4503,"Gomez, ein junger Hirt, (Tenor)",5,verzweifeln,VVFIN,verzweifeln,7573,,
tg,kq6g.0,4440,4503,"Gomez, ein junger Hirt, (Tenor)",5,sehn,CARD,sehn,7573,,
tg,kq6g.0,4440,4503,"Gomez, ein junger Hirt, (Tenor)",5,.,$.,--,7573,,
tg,kq6g.0,4509,4667,"Gabriele, seine Nichte, (Sopran)",2,Ach,ITJ,ach,7573,,
tg,kq6g.0,4509,4667,"Gabriele, seine Nichte, (Sopran)",2,",","$,",--,7573,,
tg,kq6g.0,4509,4667,"Gabriele, seine Nichte, (Sopran)",2,ein,ART,ein,7573,,
tg,kq6g.0,4509,4667,"Gabriele, seine Nichte, (Sopran)",2,Wahn,NN,wahn,7573,,
tg,kq6g.0,4509,4667,"Gabriele, seine Nichte, (Sopran)",2,kann,VMFIN,können,7573,,
tg,kq6g.0,4509,4667,"Gabriele, seine Nichte, (Sopran)",2,dich,PRF,dich,7573,,
tg,kq6g.0,4509,4667,"Gabriele, seine Nichte, (Sopran)",2,bethören,VVINF,bethören,7573,,
tg,kq6g.0,4509,4667,"Gabriele, seine Nichte, (Sopran)",2,",","$,",--,7573,,
tg,kq6g.0,4509,4667,"Gabriele, seine Nichte, (Sopran)",2,Wird,VAFIN,werden,7573,,
tg,kq6g.0,4509,4667,"Gabriele, seine Nichte, (Sopran)",2,dein,PPOSAT,dein,7573,,
tg,kq6g.0,4509,4667,"Gabriele, seine Nichte, (Sopran)",2,Mut,NN,mut,7573,,
tg,kq6g.0,4509,4667,"Gabriele, seine Nichte, (Sopran)",2,vor,APPR,vor,7573,,
tg,kq6g.0,4509,4667,"Gabriele, seine Nichte, (Sopran)",2,ihm,PPER,ihm,7573,,
tg,kq6g.0,4509,4667,"Gabriele, seine Nichte, (Sopran)",2,bestehn,VVFIN,bestehn,7573,,
tg,kq6g.0,4509,4667,"Gabriele, seine Nichte, (Sopran)",2,?,$.,--,7573,,
tg,kq6g.0,4509,4667,"Gabriele, seine Nichte, (Sopran)",2,Vor,APPR,vor,7573,,
tg,kq6g.0,4509,4667,"Gabriele, seine Nichte, (Sopran)",2,ihm,PPER,ihm,7573,,
tg,kq6g.0,4509,4667,"Gabriele, seine Nichte, (Sopran)",2,"!",$.,--,7573,,
tg,kq6g.0,4509,4667,"Gabriele, seine Nichte, (Sopran)",2,Vor,APPR,vor,7573,,
tg,kq6g.0,4509,4667,"Gabriele, seine Nichte, (Sopran)",2,ihm,PPER,ihm,7573,,
tg,kq6g.0,4509,4667,"Gabriele, seine Nichte, (Sopran)",2,"!",$.,--,7573,,
tg,kq6g.0,4674,4763,"Gomez, ein junger Hirt, (Tenor)",5,Liebes,NE,liebe,7573,,
tg,kq6g.0,4674,4763,"Gomez, ein junger Hirt, (Tenor)",5,Mädchen,NN,mädchen,7573,,
tg,kq6g.0,4674,4763,"Gomez, ein junger Hirt, (Tenor)",5,",","$,",--,7573,,
tg,kq6g.0,4674,4763,"Gomez, ein junger Hirt, (Tenor)",5,laß,VVFIN,lassen,7573,,
tg,kq6g.0,4674,4763,"Gomez, ein junger Hirt, (Tenor)",5,das,ART,der,7573,,
tg,kq6g.0,4674,4763,"Gomez, ein junger Hirt, (Tenor)",5,Weinen,NN,weinen,7573,,
tg,kq6g.0,4674,4763,"Gomez, ein junger Hirt, (Tenor)",5,",","$,",--,7573,,
tg,kq6g.0,4674,4763,"Gomez, ein junger Hirt, (Tenor)",5,Fasse,NN,fasse,7573,,
tg,kq6g.0,4674,4763,"Gomez, ein junger Hirt, (Tenor)",5,Mut,NN,mut,7573,,
tg,kq6g.0,4674,4763,"Gomez, ein junger Hirt, (Tenor)",5,und,KON,und,7573,,
tg,kq6g.0,4674,4763,"Gomez, ein junger Hirt, (Tenor)",5,Zuversicht,NN,zuversicht,7573,,
tg,kq6g.0,4674,4763,"Gomez, ein junger Hirt, (Tenor)",5,"!",$.,--,7573,,
tg,kq6g.0,4769,4885,"Gabriele, seine Nichte, (Sopran)",2,Ja,PTKANT,ja,7573,,
tg,kq6g.0,4769,4885,"Gabriele, seine Nichte, (Sopran)",2,",","$,",--,7573,,
tg,kq6g.0,4769,4885,"Gabriele, seine Nichte, (Sopran)",2,ich,PPER,ich,7573,"Gabriele, seine Nichte, (Sopran)",2
tg,kq6g.0,4769,4885,"Gabriele, seine Nichte, (Sopran)",2,will,VMFIN,wollen,7573,,
tg,kq6g.0,4769,4885,"Gabriele, seine Nichte, (Sopran)",2,nun,ADV,nun,7573,,
tg,kq6g.0,4769,4885,"Gabriele, seine Nichte, (Sopran)",2,nicht,PTKNEG,nicht,7573,,
tg,kq6g.0,4769,4885,"Gabriele, seine Nichte, (Sopran)",2,mehr,ADV,mehr,7573,,
tg,kq6g.0,4769,4885,"Gabriele, seine Nichte, (Sopran)",2,weinen,VVINF,weinen,7573,,
tg,kq6g.0,4769,4885,"Gabriele, seine Nichte, (Sopran)",2,",","$,",--,7573,,
tg,kq6g.0,4769,4885,"Gabriele, seine Nichte, (Sopran)",2,Fasse,NN,fasse,7573,,
tg,kq6g.0,4769,4885,"Gabriele, seine Nichte, (Sopran)",2,Mut,NN,mut,7573,,
tg,kq6g.0,4769,4885,"Gabriele, seine Nichte, (Sopran)",2,und,KON,und,7573,,
tg,kq6g.0,4769,4885,"Gabriele, seine Nichte, (Sopran)",2,Zuversicht,NN,zuversicht,7573,,
tg,kq6g.0,4769,4885,"Gabriele, seine Nichte, (Sopran)",2,"!",$.,--,7573,,
tg,kq6g.0,4891,4923,"Gomez, ein junger Hirt, (Tenor)",5,Fasse,NN,fasse,7573,,
tg,kq6g.0,4891,4923,"Gomez, ein junger Hirt, (Tenor)",5,Mut,NN,mut,7573,,
tg,kq6g.0,4891,4923,"Gomez, ein junger Hirt, (Tenor)",5,und,KON,und,7573,,
tg,kq6g.0,4891,4923,"Gomez, ein junger Hirt, (Tenor)",5,Zuversicht,NN,zuversicht,7573,,
tg,kq6g.0,4891,4923,"Gomez, ein junger Hirt, (Tenor)",5,"!",$.,--,7573,,
tg,kq6g.0,4928,5002,"Gabriele, seine Nichte, (Sopran)",2,Er,PPER,er,7573,,
tg,kq6g.0,4928,5002,"Gabriele, seine Nichte, (Sopran)",2,allein,ADV,allein,7573,,
tg,kq6g.0,4928,5002,"Gabriele, seine Nichte, (Sopran)",2,kann,VMFIN,können,7573,,
tg,kq6g.0,4928,5002,"Gabriele, seine Nichte, (Sopran)",2,uns,PPER,uns,7573,,
tg,kq6g.0,4928,5002,"Gabriele, seine Nichte, (Sopran)",2,vereinen,VVINF,vereinen,7573,,
tg,kq6g.0,4928,5002,"Gabriele, seine Nichte, (Sopran)",2,",","$,",--,7573,,
tg,kq6g.0,4928,5002,"Gabriele, seine Nichte, (Sopran)",2,Neu,ADJD,neu,7573,,
tg,kq6g.0,4928,5002,"Gabriele, seine Nichte, (Sopran)",2,erstrahlt,VVFIN,erstrahlen,7573,,
tg,kq6g.0,4928,5002,"Gabriele, seine Nichte, (Sopran)",2,ein,ART,ein,7573,,
tg,kq6g.0,4928,5002,"Gabriele, seine Nichte, (Sopran)",2,Hoffnungslicht,NN,hoffnungslicht,7573,,
tg,kq6g.0,4928,5002,"Gabriele, seine Nichte, (Sopran)",2,"!",$.,--,7573,,
tg,kq6g.0,5008,5079,"Gomez, ein junger Hirt, (Tenor)",5,Er,PPER,er,7573,,
tg,kq6g.0,5008,5079,"Gomez, ein junger Hirt, (Tenor)",5,allein,ADV,allein,7573,,
tg,kq6g.0,5008,5079,"Gomez, ein junger Hirt, (Tenor)",5,kann,VMFIN,können,7573,,
tg,kq6g.0,5008,5079,"Gomez, ein junger Hirt, (Tenor)",5,uns,PPER,uns,7573,,
tg,kq6g.0,5008,5079,"Gomez, ein junger Hirt, (Tenor)",5,vereinen,VVINF,vereinen,7573,,
tg,kq6g.0,5008,5079,"Gomez, ein junger Hirt, (Tenor)",5,",","$,",--,7573,,
tg,kq6g.0,5008,5079,"Gomez, ein junger Hirt, (Tenor)",5,Neu,ADJD,neu,7573,,
tg,kq6g.0,5008,5079,"Gomez, ein junger Hirt, (Tenor)",5,erstrahlt,VVFIN,erstrahlen,7573,,
tg,kq6g.0,5008,5079,"Gomez, ein junger Hirt, (Tenor)",5,ein,ART,ein,7573,,
tg,kq6g.0,5008,5079,"Gomez, ein junger Hirt, (Tenor)",5,Hoffnungslicht,NN,hoffnungslicht,7573,,
tg,kq6g.0,5008,5079,"Gomez, ein junger Hirt, (Tenor)",5,"!",$.,--,7573,,
tg,kq6g.0,5085,5128,"Gabriele, seine Nichte, (Sopran)",2,Neu,ADJD,neu,7573,,
tg,kq6g.0,5085,5128,"Gabriele, seine Nichte, (Sopran)",2,erstrahlt,VVFIN,erstrahlen,7573,,
tg,kq6g.0,5085,5128,"Gabriele, seine Nichte, (Sopran)",2,ein,ART,ein,7573,,
tg,kq6g.0,5085,5128,"Gabriele, seine Nichte, (Sopran)",2,Hoffnungslicht,NN,hoffnungslicht,7573,,
tg,kq6g.0,5085,5128,"Gabriele, seine Nichte, (Sopran)",2,"!",$.,--,7573,,
tg,kq6g.0,5133,5213,BEIDE,12,An,APPR,an,7573,,
tg,kq6g.0,5133,5213,BEIDE,12,die,ART,der,7573,,
tg,kq6g.0,5133,5213,BEIDE,12,Tugend,NN,tugend,7573,,
tg,kq6g.0,5133,5213,BEIDE,12,seiner,PPOSAT,sein,7573,,
tg,kq6g.0,5133,5213,BEIDE,12,Ahnen,NN,ahn,7573,,
tg,kq6g.0,5133,5213,BEIDE,12,Wird,VAFIN,werden,7573,,
tg,kq6g.0,5133,5213,BEIDE,12,er,PPER,er,7573,,
tg,kq6g.0,5133,5213,BEIDE,12,(,TRUNC,--,7573,,
tg,kq6g.0,5133,5213,BEIDE,12,werd,FM,werden,7573,,
tg,kq6g.0,5133,5213,BEIDE,12,',$[,--,7573,,
tg,kq6g.0,5133,5213,BEIDE,12,ich,PPER,ich,7573,BEIDE,12
tg,kq6g.0,5133,5213,BEIDE,12,.,$.,--,7573,,
tg,kq6g.0,5133,5213,BEIDE,12,),TRUNC,--,7573,,
tg,kq6g.0,5133,5213,BEIDE,12,kühn,CARD,kühn,7573,,
tg,kq6g.0,5133,5213,BEIDE,12,den,ART,der,7573,,
tg,kq6g.0,5133,5213,BEIDE,12,Enkel,NN,enkel,7573,,
tg,kq6g.0,5133,5213,BEIDE,12,mahnen,VVFIN,mahnen,7573,,
tg,kq6g.0,5133,5213,BEIDE,12,–,XY,–,7573,,
tg,kq6g.0,5219,5261,"Gomez, ein junger Hirt, (Tenor)",5,Gleicht,NN,gleicht,7573,,
tg,kq6g.0,5219,5261,"Gomez, ein junger Hirt, (Tenor)",5,der,ART,der,7573,,
tg,kq6g.0,5219,5261,"Gomez, ein junger Hirt, (Tenor)",5,Prinz,NN,prinz,7573,,
tg,kq6g.0,5219,5261,"Gomez, ein junger Hirt, (Tenor)",5,der,ART,der,7573,,
tg,kq6g.0,5219,5261,"Gomez, ein junger Hirt, (Tenor)",5,Väter,NN,vater,7573,,
tg,kq6g.0,5219,5261,"Gomez, ein junger Hirt, (Tenor)",5,Bilde,NE,bilde,7573,,
tg,kq6g.0,5219,5261,"Gomez, ein junger Hirt, (Tenor)",5,–,XY,–,7573,,
tg,kq6g.0,5266,5307,"Gabriele, seine Nichte, (Sopran)",2,Wird,VAFIN,werden,7573,,
tg,kq6g.0,5266,5307,"Gabriele, seine Nichte, (Sopran)",2,er,PPER,er,7573,,
tg,kq6g.0,5266,5307,"Gabriele, seine Nichte, (Sopran)",2,uns,PRF,uns,7573,,
tg,kq6g.0,5266,5307,"Gabriele, seine Nichte, (Sopran)",2,zum,APPRART,zu,7573,,
tg,kq6g.0,5266,5307,"Gabriele, seine Nichte, (Sopran)",2,festen,ADJA,fest,7573,,
tg,kq6g.0,5266,5307,"Gabriele, seine Nichte, (Sopran)",2,Schilde,NN,schilde,7573,,
tg,kq6g.0,5266,5307,"Gabriele, seine Nichte, (Sopran)",2,"!",$.,--,7573,,
tg,kq6g.0,5312,5378,BEIDE,12,Uns,PPER,uns,7573,,
tg,kq6g.0,5312,5378,BEIDE,12,umschlingt,VVFIN,umschlingen,7573,,
tg,kq6g.0,5312,5378,BEIDE,12,ein,ART,ein,7573,,
tg,kq6g.0,5312,5378,BEIDE,12,ewig,ADJD,ewig,7573,,
tg,kq6g.0,5312,5378,BEIDE,12,Band,NN,band,7573,,
tg,kq6g.0,5312,5378,BEIDE,12,Durch,APPR,durch,7573,,
tg,kq6g.0,5312,5378,BEIDE,12,des,ART,der,7573,,
tg,kq6g.0,5312,5378,BEIDE,12,Fürsten,NN,fürst,7573,,
tg,kq6g.0,5312,5378,BEIDE,12,Vaterhand,NN,vaterhand,7573,,
tg,kq6g.0,5312,5378,BEIDE,12,"!",$.,--,7573,,
tg,kq6g.0,5384,5424,"Gabriele, seine Nichte, (Sopran)",2,Uns,PPER,uns,7573,,
tg,kq6g.0,5384,5424,"Gabriele, seine Nichte, (Sopran)",2,umschlingt,VVFIN,umschlingen,7573,,
tg,kq6g.0,5384,5424,"Gabriele, seine Nichte, (Sopran)",2,ein,ART,ein,7573,,
tg,kq6g.0,5384,5424,"Gabriele, seine Nichte, (Sopran)",2,ewig,ADJD,ewig,7573,,
tg,kq6g.0,5384,5424,"Gabriele, seine Nichte, (Sopran)",2,Band,NN,band,7573,,
tg,kq6g.0,5384,5424,"Gabriele, seine Nichte, (Sopran)",2,–,XY,–,7573,,
tg,kq6g.0,5429,5464,"Gomez, ein junger Hirt, (Tenor)",5,Durch,APPR,durch,7573,,
tg,kq6g.0,5429,5464,"Gomez, ein junger Hirt, (Tenor)",5,des,ART,der,7573,,
tg,kq6g.0,5429,5464,"Gomez, ein junger Hirt, (Tenor)",5,Fürsten,NN,fürst,7573,,
tg,kq6g.0,5429,5464,"Gomez, ein junger Hirt, (Tenor)",5,Vaterhand,NN,vaterhand,7573,,
tg,kq6g.0,5429,5464,"Gomez, ein junger Hirt, (Tenor)",5,"!",$.,--,7573,,
tg,kq6g.0,5469,5566,BEIDE,12,Durch,APPR,durch,7573,,
tg,kq6g.0,5469,5566,BEIDE,12,des,ART,der,7573,,
tg,kq6g.0,5469,5566,BEIDE,12,Fürsten,NN,fürst,7573,,
tg,kq6g.0,5469,5566,BEIDE,12,Vaterhand,NN,vaterhand,7573,,
tg,kq6g.0,5469,5566,BEIDE,12,"!",$.,--,7573,,
tg,kq6g.0,5655,6200,"Gabriele, seine Nichte, (Sopran)",2,Laß,VVIMP,lassen,7573,,
tg,kq6g.0,5655,6200,"Gabriele, seine Nichte, (Sopran)",2,",","$,",--,7573,,
tg,kq6g.0,5655,6200,"Gabriele, seine Nichte, (Sopran)",2,o,ADV,O,7573,,
tg,kq6g.0,5655,6200,"Gabriele, seine Nichte, (Sopran)",2,Himmel,NN,himmel,7573,,
tg,kq6g.0,5655,6200,"Gabriele, seine Nichte, (Sopran)",2,",","$,",--,7573,,
tg,kq6g.0,5655,6200,"Gabriele, seine Nichte, (Sopran)",2,es,PPER,es,7573,,
tg,kq6g.0,5655,6200,"Gabriele, seine Nichte, (Sopran)",2,gelingen,VVFIN,gelingen,7573,,
tg,kq6g.0,5655,6200,"Gabriele, seine Nichte, (Sopran)",2,",","$,",--,7573,,
tg,kq6g.0,5655,6200,"Gabriele, seine Nichte, (Sopran)",2,Zu,PTKZU,zu,7573,,
tg,kq6g.0,5655,6200,"Gabriele, seine Nichte, (Sopran)",2,erreichen,VVINF,erreichen,7573,,
tg,kq6g.0,5655,6200,"Gabriele, seine Nichte, (Sopran)",2,seinen,PPOSAT,sein,7573,,
tg,kq6g.0,5655,6200,"Gabriele, seine Nichte, (Sopran)",2,Plan,NN,plan,7573,,
tg,kq6g.0,5655,6200,"Gabriele, seine Nichte, (Sopran)",2,",","$,",--,7573,,
tg,kq6g.0,5655,6200,"Gabriele, seine Nichte, (Sopran)",2,Auf,APPR,auf,7573,,
tg,kq6g.0,5655,6200,"Gabriele, seine Nichte, (Sopran)",2,des,ART,der,7573,,
tg,kq6g.0,5655,6200,"Gabriele, seine Nichte, (Sopran)",2,Äthers,NN,äther,7573,,
tg,kq6g.0,5655,6200,"Gabriele, seine Nichte, (Sopran)",2,goldnen,ADJA,goldn,7573,,
tg,kq6g.0,5655,6200,"Gabriele, seine Nichte, (Sopran)",2,Schwingen,NN,schwing,7573,,
tg,kq6g.0,5655,6200,"Gabriele, seine Nichte, (Sopran)",2,Steigt,VVFIN,steigen,7573,,
tg,kq6g.0,5655,6200,"Gabriele, seine Nichte, (Sopran)",2,mein,PPOSAT,mein,7573,"Gabriele, seine Nichte, (Sopran)",2
tg,kq6g.0,5655,6200,"Gabriele, seine Nichte, (Sopran)",2,Flehn,NN,flehn,7573,,
tg,kq6g.0,5655,6200,"Gabriele, seine Nichte, (Sopran)",2,zu,APPR,zu,7573,,
tg,kq6g.0,5655,6200,"Gabriele, seine Nichte, (Sopran)",2,Gott,NN,gott,7573,,
tg,kq6g.0,5655,6200,"Gabriele, seine Nichte, (Sopran)",2,hinan,VVFIN,hinan,7573,,
tg,kq6g.0,5655,6200,"Gabriele, seine Nichte, (Sopran)",2,"!",$.,--,7573,,
tg,kq6g.0,5655,6200,"Gabriele, seine Nichte, (Sopran)",2,Bange,ADJA,bang,7573,,
tg,kq6g.0,5655,6200,"Gabriele, seine Nichte, (Sopran)",2,Furcht,NN,furcht,7573,,
tg,kq6g.0,5655,6200,"Gabriele, seine Nichte, (Sopran)",2,will,VMFIN,wollen,7573,,
tg,kq6g.0,5655,6200,"Gabriele, seine Nichte, (Sopran)",2,mich,PPER,mich,7573,"Gabriele, seine Nichte, (Sopran)",2
tg,kq6g.0,5655,6200,"Gabriele, seine Nichte, (Sopran)",2,erfassen,VVFIN,erfassen,7573,,
tg,kq6g.0,5655,6200,"Gabriele, seine Nichte, (Sopran)",2,",","$,",--,7573,,
tg,kq6g.0,5655,6200,"Gabriele, seine Nichte, (Sopran)",2,Wenn,KOUS,wenn,7573,,
tg,kq6g.0,5655,6200,"Gabriele, seine Nichte, (Sopran)",2,ich,PPER,ich,7573,"Gabriele, seine Nichte, (Sopran)",2
tg,kq6g.0,5655,6200,"Gabriele, seine Nichte, (Sopran)",2,in,APPR,in,7573,,
tg,kq6g.0,5655,6200,"Gabriele, seine Nichte, (Sopran)",2,die,ART,der,7573,,
tg,kq6g.0,5655,6200,"Gabriele, seine Nichte, (Sopran)",2,Zukunft,NN,zukunft,7573,,
tg,kq6g.0,5655,6200,"Gabriele, seine Nichte, (Sopran)",2,blick,ADJD,blick,7573,,
tg,kq6g.0,5655,6200,"Gabriele, seine Nichte, (Sopran)",2,',$[,--,7573,,
tg,kq6g.0,5655,6200,"Gabriele, seine Nichte, (Sopran)",2,;,$.,--,7573,,
tg,kq6g.0,5655,6200,"Gabriele, seine Nichte, (Sopran)",2,Ach,ITJ,ach,7573,,
tg,kq6g.0,5655,6200,"Gabriele, seine Nichte, (Sopran)",2,",","$,",--,7573,,
tg,kq6g.0,5655,6200,"Gabriele, seine Nichte, (Sopran)",2,ich,PPER,ich,7573,"Gabriele, seine Nichte, (Sopran)",2
tg,kq6g.0,5655,6200,"Gabriele, seine Nichte, (Sopran)",2,bin,VAFIN,sein,7573,,
tg,kq6g.0,5655,6200,"Gabriele, seine Nichte, (Sopran)",2,verwaist,VVPP,verwaisen,7573,,
tg,kq6g.0,5655,6200,"Gabriele, seine Nichte, (Sopran)",2,",","$,",--,7573,,
tg,kq6g.0,5655,6200,"Gabriele, seine Nichte, (Sopran)",2,verlassen,VVINF,verlassen,7573,,
tg,kq6g.0,5655,6200,"Gabriele, seine Nichte, (Sopran)",2,",","$,",--,7573,,
tg,kq6g.0,5655,6200,"Gabriele, seine Nichte, (Sopran)",2,Und,KON,und,7573,,
tg,kq6g.0,5655,6200,"Gabriele, seine Nichte, (Sopran)",2,mir,PPER,sich,7573,"Gabriele, seine Nichte, (Sopran)",2
tg,kq6g.0,5655,6200,"Gabriele, seine Nichte, (Sopran)",2,Armen,NN,arme,7573,,
tg,kq6g.0,5655,6200,"Gabriele, seine Nichte, (Sopran)",2,lacht,VVFIN,lachen,7573,,
tg,kq6g.0,5655,6200,"Gabriele, seine Nichte, (Sopran)",2,kein,PIAT,kein,7573,,
tg,kq6g.0,5655,6200,"Gabriele, seine Nichte, (Sopran)",2,Glück,NN,glück,7573,,
tg,kq6g.0,5655,6200,"Gabriele, seine Nichte, (Sopran)",2,"!",$.,--,7573,,
tg,kq6g.0,5655,6200,"Gabriele, seine Nichte, (Sopran)",2,Hat,VAFIN,haben,7573,,
tg,kq6g.0,5655,6200,"Gabriele, seine Nichte, (Sopran)",2,der,ART,der,7573,,
tg,kq6g.0,5655,6200,"Gabriele, seine Nichte, (Sopran)",2,Schutzgeist,NN,schutzgeist,7573,,
tg,kq6g.0,5655,6200,"Gabriele, seine Nichte, (Sopran)",2,meines,PPOSAT,mein,7573,"Gabriele, seine Nichte, (Sopran)",2
tg,kq6g.0,5655,6200,"Gabriele, seine Nichte, (Sopran)",2,Lebens,NN,leben,7573,,
tg,kq6g.0,5655,6200,"Gabriele, seine Nichte, (Sopran)",2,Denn,KON,denn,7573,,
tg,kq6g.0,5655,6200,"Gabriele, seine Nichte, (Sopran)",2,von,APPR,von,7573,,
tg,kq6g.0,5655,6200,"Gabriele, seine Nichte, (Sopran)",2,mir,PPER,sich,7573,"Gabriele, seine Nichte, (Sopran)",2
tg,kq6g.0,5655,6200,"Gabriele, seine Nichte, (Sopran)",2,sich,PRF,sich,7573,,
tg,kq6g.0,5655,6200,"Gabriele, seine Nichte, (Sopran)",2,abgewandt,VVPP,abwenden,7573,,
tg,kq6g.0,5655,6200,"Gabriele, seine Nichte, (Sopran)",2,?,$.,--,7573,,
tg,kq6g.0,5655,6200,"Gabriele, seine Nichte, (Sopran)",2,Wär,NN,sein,7573,,
tg,kq6g.0,5655,6200,"Gabriele, seine Nichte, (Sopran)",2,',$[,--,7573,,
tg,kq6g.0,5655,6200,"Gabriele, seine Nichte, (Sopran)",2,mein,PPOSAT,mein,7573,"Gabriele, seine Nichte, (Sopran)",2
tg,kq6g.0,5655,6200,"Gabriele, seine Nichte, (Sopran)",2,Hoffen,NN,hoffen,7573,,
tg,kq6g.0,5655,6200,"Gabriele, seine Nichte, (Sopran)",2,denn,KON,denn,7573,,
tg,kq6g.0,5655,6200,"Gabriele, seine Nichte, (Sopran)",2,vergebens,ADV,vergebens,7573,,
tg,kq6g.0,5655,6200,"Gabriele, seine Nichte, (Sopran)",2,Auf,APPR,auf,7573,,
tg,kq6g.0,5655,6200,"Gabriele, seine Nichte, (Sopran)",2,des,ART,der,7573,,
tg,kq6g.0,5655,6200,"Gabriele, seine Nichte, (Sopran)",2,teuren,ADJA,teuer,7573,,
tg,kq6g.0,5655,6200,"Gabriele, seine Nichte, (Sopran)",2,Freundes,NN,freund,7573,,
tg,kq6g.0,5655,6200,"Gabriele, seine Nichte, (Sopran)",2,Hand,NN,hand,7573,,
tg,kq6g.0,5655,6200,"Gabriele, seine Nichte, (Sopran)",2,?,$.,--,7573,,
tg,kq6g.0,5655,6200,"Gabriele, seine Nichte, (Sopran)",2,Ohne,APPR,ohne,7573,,
tg,kq6g.0,5655,6200,"Gabriele, seine Nichte, (Sopran)",2,ihn,PPER,ihn,7573,,
tg,kq6g.0,5655,6200,"Gabriele, seine Nichte, (Sopran)",2,bin,VAFIN,sein,7573,,
tg,kq6g.0,5655,6200,"Gabriele, seine Nichte, (Sopran)",2,ich,PPER,ich,7573,"Gabriele, seine Nichte, (Sopran)",2
tg,kq6g.0,5655,6200,"Gabriele, seine Nichte, (Sopran)",2,verlassen,VVINF,verlassen,7573,,
tg,kq6g.0,5655,6200,"Gabriele, seine Nichte, (Sopran)",2,",","$,",--,7573,,
tg,kq6g.0,5655,6200,"Gabriele, seine Nichte, (Sopran)",2,Wenn,KOUS,wenn,7573,,
tg,kq6g.0,5655,6200,"Gabriele, seine Nichte, (Sopran)",2,ich,PPER,ich,7573,"Gabriele, seine Nichte, (Sopran)",2
tg,kq6g.0,5655,6200,"Gabriele, seine Nichte, (Sopran)",2,in,APPR,in,7573,,
tg,kq6g.0,5655,6200,"Gabriele, seine Nichte, (Sopran)",2,die,ART,der,7573,,
tg,kq6g.0,5655,6200,"Gabriele, seine Nichte, (Sopran)",2,Zukunft,NN,zukunft,7573,,
tg,kq6g.0,5655,6200,"Gabriele, seine Nichte, (Sopran)",2,blick,ADJD,blick,7573,,
tg,kq6g.0,5655,6200,"Gabriele, seine Nichte, (Sopran)",2,',$[,--,7573,,
tg,kq6g.0,5655,6200,"Gabriele, seine Nichte, (Sopran)",2,;,$.,--,7573,,
tg,kq6g.0,5655,6200,"Gabriele, seine Nichte, (Sopran)",2,Ihn,CARD,ihn,7573,,
tg,kq6g.0,5655,6200,"Gabriele, seine Nichte, (Sopran)",2,als,APPR,als,7573,,
tg,kq6g.0,5655,6200,"Gabriele, seine Nichte, (Sopran)",2,Gatten,NN,gatte,7573,,
tg,kq6g.0,5655,6200,"Gabriele, seine Nichte, (Sopran)",2,zu,APPR,zu,7573,,
tg,kq6g.0,5655,6200,"Gabriele, seine Nichte, (Sopran)",2,umfassen,VVFIN,umfassen,7573,,
tg,kq6g.0,5655,6200,"Gabriele, seine Nichte, (Sopran)",2,",","$,",--,7573,,
tg,kq6g.0,5655,6200,"Gabriele, seine Nichte, (Sopran)",2,Dies,PDS,dieser,7573,,
tg,kq6g.0,5655,6200,"Gabriele, seine Nichte, (Sopran)",2,allein,ADV,allein,7573,,
tg,kq6g.0,5655,6200,"Gabriele, seine Nichte, (Sopran)",2,mein,PPOSAT,mein,7573,"Gabriele, seine Nichte, (Sopran)",2
tg,kq6g.0,5655,6200,"Gabriele, seine Nichte, (Sopran)",2,höchstes,ADJA,hoch,7573,,
tg,kq6g.0,5655,6200,"Gabriele, seine Nichte, (Sopran)",2,Glück,NN,glück,7573,,
tg,kq6g.0,5655,6200,"Gabriele, seine Nichte, (Sopran)",2,"!",$.,--,7573,,
tg,kq6g.0,6206,7028,"Gabriele, seine Nichte, (Sopran)",2,Ach,ITJ,ach,7573,,
tg,kq6g.0,6206,7028,"Gabriele, seine Nichte, (Sopran)",2,",","$,",--,7573,,
tg,kq6g.0,6206,7028,"Gabriele, seine Nichte, (Sopran)",2,könnt,VVFIN,können,7573,,
tg,kq6g.0,6206,7028,"Gabriele, seine Nichte, (Sopran)",2,',$[,--,7573,,
tg,kq6g.0,6206,7028,"Gabriele, seine Nichte, (Sopran)",2,ich,PPER,ich,7573,"Gabriele, seine Nichte, (Sopran)",2
tg,kq6g.0,6206,7028,"Gabriele, seine Nichte, (Sopran)",2,mit,APPR,mit,7573,,
tg,kq6g.0,6206,7028,"Gabriele, seine Nichte, (Sopran)",2,ihm,PPER,ihm,7573,,
tg,kq6g.0,6206,7028,"Gabriele, seine Nichte, (Sopran)",2,gehn,CARD,gehn,7573,,
tg,kq6g.0,6206,7028,"Gabriele, seine Nichte, (Sopran)",2,"!",$.,--,7573,,
tg,kq6g.0,6206,7028,"Gabriele, seine Nichte, (Sopran)",2,Doch,KON,doch,7573,,
tg,kq6g.0,6206,7028,"Gabriele, seine Nichte, (Sopran)",2,ich,PPER,ich,7573,"Gabriele, seine Nichte, (Sopran)",2
tg,kq6g.0,6206,7028,"Gabriele, seine Nichte, (Sopran)",2,vertrau,VVFIN,vertrau,7573,,
tg,kq6g.0,6206,7028,"Gabriele, seine Nichte, (Sopran)",2,',$[,--,7573,,
tg,kq6g.0,6206,7028,"Gabriele, seine Nichte, (Sopran)",2,Dem,ART,der,7573,,
tg,kq6g.0,6206,7028,"Gabriele, seine Nichte, (Sopran)",2,Schutzgeist,NN,schutzgeist,7573,,
tg,kq6g.0,6206,7028,"Gabriele, seine Nichte, (Sopran)",2,unsrer,ADJA,unsrer,7573,,
tg,kq6g.0,6206,7028,"Gabriele, seine Nichte, (Sopran)",2,Liebe,NN,liebe,7573,,
tg,kq6g.0,6206,7028,"Gabriele, seine Nichte, (Sopran)",2,.,$.,--,7573,,
tg,kq6g.0,6206,7028,"Gabriele, seine Nichte, (Sopran)",2,Seh,ADV,seh,7573,,
tg,kq6g.0,6206,7028,"Gabriele, seine Nichte, (Sopran)",2,',$[,--,7573,,
tg,kq6g.0,6206,7028,"Gabriele, seine Nichte, (Sopran)",2,ich,PPER,ich,7573,"Gabriele, seine Nichte, (Sopran)",2
tg,kq6g.0,6206,7028,"Gabriele, seine Nichte, (Sopran)",2,recht,ADV,recht,7573,,
tg,kq6g.0,6206,7028,"Gabriele, seine Nichte, (Sopran)",2,?,$.,--,7573,,
tg,kq6g.0,6206,7028,"Gabriele, seine Nichte, (Sopran)",2,Wer,PWS,wer,7573,,
tg,kq6g.0,6206,7028,"Gabriele, seine Nichte, (Sopran)",2,schreitet,VVFIN,schreiten,7573,,
tg,kq6g.0,6206,7028,"Gabriele, seine Nichte, (Sopran)",2,dort,ADV,dort,7573,,
tg,kq6g.0,6206,7028,"Gabriele, seine Nichte, (Sopran)",2,hoch,ADJD,hoch,7573,,
tg,kq6g.0,6206,7028,"Gabriele, seine Nichte, (Sopran)",2,auf,APPR,auf,7573,,
tg,kq6g.0,6206,7028,"Gabriele, seine Nichte, (Sopran)",2,des,ART,der,7573,,
tg,kq6g.0,6206,7028,"Gabriele, seine Nichte, (Sopran)",2,Felsens,NN,felsen,7573,,
tg,kq6g.0,6206,7028,"Gabriele, seine Nichte, (Sopran)",2,Spitze,NN,spitze,7573,,
tg,kq6g.0,6206,7028,"Gabriele, seine Nichte, (Sopran)",2,?,$.,--,7573,,
tg,kq6g.0,6206,7028,"Gabriele, seine Nichte, (Sopran)",2,Noch,ADV,noch,7573,,
tg,kq6g.0,6206,7028,"Gabriele, seine Nichte, (Sopran)",2,ging,VVFIN,gehen,7573,,
tg,kq6g.0,6206,7028,"Gabriele, seine Nichte, (Sopran)",2,die,ART,der,7573,,
tg,kq6g.0,6206,7028,"Gabriele, seine Nichte, (Sopran)",2,Sonne,NN,sonne,7573,,
tg,kq6g.0,6206,7028,"Gabriele, seine Nichte, (Sopran)",2,ja,ADV,ja,7573,,
tg,kq6g.0,6206,7028,"Gabriele, seine Nichte, (Sopran)",2,nicht,PTKNEG,nicht,7573,,
tg,kq6g.0,6206,7028,"Gabriele, seine Nichte, (Sopran)",2,unter,PTKVZ,unter,7573,,
tg,kq6g.0,6206,7028,"Gabriele, seine Nichte, (Sopran)",2,",","$,",--,7573,,
tg,kq6g.0,6206,7028,"Gabriele, seine Nichte, (Sopran)",2,Und,KON,und,7573,,
tg,kq6g.0,6206,7028,"Gabriele, seine Nichte, (Sopran)",2,schon,ADV,schon,7573,,
tg,kq6g.0,6206,7028,"Gabriele, seine Nichte, (Sopran)",2,kehren,VVFIN,kehren,7573,,
tg,kq6g.0,6206,7028,"Gabriele, seine Nichte, (Sopran)",2,meine,PPOSAT,mein,7573,"Gabriele, seine Nichte, (Sopran)",2
tg,kq6g.0,6206,7028,"Gabriele, seine Nichte, (Sopran)",2,Quäler,NN,quäler,7573,,
tg,kq6g.0,6206,7028,"Gabriele, seine Nichte, (Sopran)",2,heim,PTKVZ,heim,7573,,
tg,kq6g.0,6206,7028,"Gabriele, seine Nichte, (Sopran)",2,.,$.,--,7573,,
tg,kq6g.0,6206,7028,"Gabriele, seine Nichte, (Sopran)",2,O,NE,O,7573,,
tg,kq6g.0,6206,7028,"Gabriele, seine Nichte, (Sopran)",2,Gott,NN,gott,7573,,
tg,kq6g.0,6206,7028,"Gabriele, seine Nichte, (Sopran)",2,",","$,",--,7573,,
tg,kq6g.0,6206,7028,"Gabriele, seine Nichte, (Sopran)",2,wie,PWAV,wie,7573,,
tg,kq6g.0,6206,7028,"Gabriele, seine Nichte, (Sopran)",2,einsam,ADJD,einsam,7573,,
tg,kq6g.0,6206,7028,"Gabriele, seine Nichte, (Sopran)",2,tret,ADJD,tret,7573,,
tg,kq6g.0,6206,7028,"Gabriele, seine Nichte, (Sopran)",2,',$[,--,7573,,
tg,kq6g.0,6206,7028,"Gabriele, seine Nichte, (Sopran)",2,ich,PPER,ich,7573,"Gabriele, seine Nichte, (Sopran)",2
tg,kq6g.0,6206,7028,"Gabriele, seine Nichte, (Sopran)",2,jetzt,ADV,jetzt,7573,,
tg,kq6g.0,6206,7028,"Gabriele, seine Nichte, (Sopran)",2,in,APPR,in,7573,,
tg,kq6g.0,6206,7028,"Gabriele, seine Nichte, (Sopran)",2,diese,PDAT,dieser,7573,,
tg,kq6g.0,6206,7028,"Gabriele, seine Nichte, (Sopran)",2,Wohnung,NN,wohnung,7573,,
tg,kq6g.0,6206,7028,"Gabriele, seine Nichte, (Sopran)",2,"!",$.,--,7573,,
tg,kq6g.0,6206,7028,"Gabriele, seine Nichte, (Sopran)",2,Noch,ADV,noch,7573,,
tg,kq6g.0,6206,7028,"Gabriele, seine Nichte, (Sopran)",2,gestern,ADV,gestern,7573,,
tg,kq6g.0,6206,7028,"Gabriele, seine Nichte, (Sopran)",2,war,VAFIN,sein,7573,,
tg,kq6g.0,6206,7028,"Gabriele, seine Nichte, (Sopran)",2,ich,PPER,ich,7573,"Gabriele, seine Nichte, (Sopran)",2
tg,kq6g.0,6206,7028,"Gabriele, seine Nichte, (Sopran)",2,nicht,PTKNEG,nicht,7573,,
tg,kq6g.0,6206,7028,"Gabriele, seine Nichte, (Sopran)",2,Allein,ADV,allein,7573,,
tg,kq6g.0,6206,7028,"Gabriele, seine Nichte, (Sopran)",2,",","$,",--,7573,,
tg,kq6g.0,6206,7028,"Gabriele, seine Nichte, (Sopran)",2,mein,PPOSAT,mein,7573,"Gabriele, seine Nichte, (Sopran)",2
tg,kq6g.0,6206,7028,"Gabriele, seine Nichte, (Sopran)",2,Täubchen,NN,täubchen,7573,,
tg,kq6g.0,6206,7028,"Gabriele, seine Nichte, (Sopran)",2,war,VAFIN,sein,7573,,
tg,kq6g.0,6206,7028,"Gabriele, seine Nichte, (Sopran)",2,noch,ADV,noch,7573,,
tg,kq6g.0,6206,7028,"Gabriele, seine Nichte, (Sopran)",2,nicht,PTKNEG,nicht,7573,,
tg,kq6g.0,6206,7028,"Gabriele, seine Nichte, (Sopran)",2,Die,ART,der,7573,,
tg,kq6g.0,6206,7028,"Gabriele, seine Nichte, (Sopran)",2,Beute,NN,beute,7573,,
tg,kq6g.0,6206,7028,"Gabriele, seine Nichte, (Sopran)",2,des,ART,der,7573,,
tg,kq6g.0,6206,7028,"Gabriele, seine Nichte, (Sopran)",2,Adlers,NN,adler,7573,,
tg,kq6g.0,6206,7028,"Gabriele, seine Nichte, (Sopran)",2,;,$.,--,7573,,
tg,kq6g.0,6206,7028,"Gabriele, seine Nichte, (Sopran)",2,schützt,VVFIN,schützen,7573,,
tg,kq6g.0,6206,7028,"Gabriele, seine Nichte, (Sopran)",2,denn,ADV,denn,7573,,
tg,kq6g.0,6206,7028,"Gabriele, seine Nichte, (Sopran)",2,Kein,PIAT,kein,7573,,
tg,kq6g.0,6206,7028,"Gabriele, seine Nichte, (Sopran)",2,Engel,NN,engel,7573,,
tg,kq6g.0,6206,7028,"Gabriele, seine Nichte, (Sopran)",2,die,ART,der,7573,,
tg,kq6g.0,6206,7028,"Gabriele, seine Nichte, (Sopran)",2,Unschuld,NN,unschuld,7573,,
tg,kq6g.0,6206,7028,"Gabriele, seine Nichte, (Sopran)",2,vor,APPR,vor,7573,,
tg,kq6g.0,6206,7028,"Gabriele, seine Nichte, (Sopran)",2,des,ART,der,7573,,
tg,kq6g.0,6206,7028,"Gabriele, seine Nichte, (Sopran)",2,Räubers,NN,räuber,7573,,
tg,kq6g.0,6206,7028,"Gabriele, seine Nichte, (Sopran)",2,Wut,NN,wut,7573,,
tg,kq6g.0,6206,7028,"Gabriele, seine Nichte, (Sopran)",2,?,$.,--,7573,,
tg,kq6g.0,7104,7533,JÄGER,18,Nun,ADV,nun,7573,,
tg,kq6g.0,7104,7533,JÄGER,18,",","$,",--,7573,,
tg,kq6g.0,7104,7533,JÄGER,18,Gott,NN,gott,7573,,
tg,kq6g.0,7104,7533,JÄGER,18,sei,VAFIN,sein,7573,,
tg,kq6g.0,7104,7533,JÄGER,18,Dank,NN,dank,7573,,
tg,kq6g.0,7104,7533,JÄGER,18,",","$,",--,7573,,
tg,kq6g.0,7104,7533,JÄGER,18,da,ADV,da,7573,,
tg,kq6g.0,7104,7533,JÄGER,18,zeigen,VVFIN,zeigen,7573,,
tg,kq6g.0,7104,7533,JÄGER,18,sich,PRF,sich,7573,,
tg,kq6g.0,7104,7533,JÄGER,18,ja,ADV,ja,7573,,
tg,kq6g.0,7104,7533,JÄGER,18,Häuser,NN,haus,7573,,
tg,kq6g.0,7104,7533,JÄGER,18,"!",$.,--,7573,,
tg,kq6g.0,7104,7533,JÄGER,18,Ein,ART,ein,7573,,
tg,kq6g.0,7104,7533,JÄGER,18,Abenteuer,NN,abenteuer,7573,,
tg,kq6g.0,7104,7533,JÄGER,18,giebt's,VVFIN,giebt,7573,,
tg,kq6g.0,7104,7533,JÄGER,18,",","$,",--,7573,,
tg,kq6g.0,7104,7533,JÄGER,18,kein,PIAT,kein,7573,,
tg,kq6g.0,7104,7533,JÄGER,18,Ungemach,NN,ungemach,7573,,
tg,kq6g.0,7104,7533,JÄGER,18,"!",$.,--,7573,,
tg,kq6g.0,7104,7533,JÄGER,18,Was,PWS,was,7573,,
tg,kq6g.0,7104,7533,JÄGER,18,seh,VVFIN,seh,7573,,
tg,kq6g.0,7104,7533,JÄGER,18,',$[,--,7573,,
tg,kq6g.0,7104,7533,JÄGER,18,ich,PPER,ich,7573,JÄGER,18
tg,kq6g.0,7104,7533,JÄGER,18,dort,ADV,dort,7573,,
tg,kq6g.0,7104,7533,JÄGER,18,?,$.,--,7573,,
tg,kq6g.0,7104,7533,JÄGER,18,Täuscht,NN,täuscht,7573,,
tg,kq6g.0,7104,7533,JÄGER,18,mich,PPER,mich,7573,JÄGER,18
tg,kq6g.0,7104,7533,JÄGER,18,mein,PPOSAT,mein,7573,JÄGER,18
tg,kq6g.0,7104,7533,JÄGER,18,Auge,NN,auge,7573,,
tg,kq6g.0,7104,7533,JÄGER,18,nicht,PTKNEG,nicht,7573,,
tg,kq6g.0,7104,7533,JÄGER,18,?,$.,--,7573,,
tg,kq6g.0,7104,7533,JÄGER,18,Fürwahr,ADV,fürwahr,7573,,
tg,kq6g.0,7104,7533,JÄGER,18,",","$,",--,7573,,
tg,kq6g.0,7104,7533,JÄGER,18,ein,ART,ein,7573,,
tg,kq6g.0,7104,7533,JÄGER,18,Kind,NN,kind,7573,,
tg,kq6g.0,7104,7533,JÄGER,18,wie,KOKOM,wie,7573,,
tg,kq6g.0,7104,7533,JÄGER,18,Rosen,NN,rose,7573,,
tg,kq6g.0,7104,7533,JÄGER,18,anzuschauen,VVIZU,anschauen,7573,,
tg,kq6g.0,7104,7533,JÄGER,18,"!",$.,--,7573,,
tg,kq6g.0,7104,7533,JÄGER,18,Und,KON,und,7573,,
tg,kq6g.0,7104,7533,JÄGER,18,reich,ADJD,reich,7573,,
tg,kq6g.0,7104,7533,JÄGER,18,umwallt,ADJD,umwallen,7573,,
tg,kq6g.0,7104,7533,JÄGER,18,von,APPR,von,7573,,
tg,kq6g.0,7104,7533,JÄGER,18,blondgelockten,ADJA,blondgelockt,7573,,
tg,kq6g.0,7104,7533,JÄGER,18,Haaren,NN,haar,7573,,
tg,kq6g.0,7104,7533,JÄGER,18,"!",$.,--,7573,,
tg,kq6g.0,7104,7533,JÄGER,18,Im,APPRART,in,7573,,
tg,kq6g.0,7104,7533,JÄGER,18,ganzen,ADJA,ganz,7573,,
tg,kq6g.0,7104,7533,JÄGER,18,Forst,NN,forst,7573,,
tg,kq6g.0,7104,7533,JÄGER,18,jag,ADV,jag,7573,,
tg,kq6g.0,7104,7533,JÄGER,18,',$[,--,7573,,
tg,kq6g.0,7104,7533,JÄGER,18,ich,PPER,ich,7573,JÄGER,18
tg,kq6g.0,7104,7533,JÄGER,18,das,ART,der,7573,,
tg,kq6g.0,7104,7533,JÄGER,18,schönste,ADJA,schön,7573,,
tg,kq6g.0,7104,7533,JÄGER,18,Reh,NN,reh,7573,,
tg,kq6g.0,7104,7533,JÄGER,18,.,$.,--,7573,,
tg,kq6g.0,7539,7792,JÄGER,18,Weg,NN,weg,7573,,
tg,kq6g.0,7539,7792,JÄGER,18,ist,VAFIN,sein,7573,,
tg,kq6g.0,7539,7792,JÄGER,18,der,ART,der,7573,,
tg,kq6g.0,7539,7792,JÄGER,18,Schatz,NN,schatz,7573,,
tg,kq6g.0,7539,7792,JÄGER,18,"!",$.,--,7573,,
tg,kq6g.0,7539,7792,JÄGER,18,Recht,NN,recht,7573,,
tg,kq6g.0,7539,7792,JÄGER,18,wie,KOKOM,wie,7573,,
tg,kq6g.0,7539,7792,JÄGER,18,in,APPR,in,7573,,
tg,kq6g.0,7539,7792,JÄGER,18,alten,ADJA,alt,7573,,
tg,kq6g.0,7539,7792,JÄGER,18,Kunden,NN,kunde,7573,,
tg,kq6g.0,7539,7792,JÄGER,18,Ein,ART,ein,7573,,
tg,kq6g.0,7539,7792,JÄGER,18,Feenhirsch,NN,feenhirsch,7573,,
tg,kq6g.0,7539,7792,JÄGER,18,",","$,",--,7573,,
tg,kq6g.0,7539,7792,JÄGER,18,entschwand,VVFIN,entschwinden,7573,,
tg,kq6g.0,7539,7792,JÄGER,18,sie,PPER,sie,7573,,
tg,kq6g.0,7539,7792,JÄGER,18,schnell,ADJD,schnell,7573,,
tg,kq6g.0,7539,7792,JÄGER,18,dem,ART,der,7573,,
tg,kq6g.0,7539,7792,JÄGER,18,Auge,NN,auge,7573,,
tg,kq6g.0,7539,7792,JÄGER,18,"!",$.,--,7573,,
tg,kq6g.0,7539,7792,JÄGER,18,Doch,KON,doch,7573,,
tg,kq6g.0,7539,7792,JÄGER,18,da,ADV,da,7573,,
tg,kq6g.0,7539,7792,JÄGER,18,giebt's,VVFIN,giebt,7573,,
tg,kq6g.0,7539,7792,JÄGER,18,Rat,NN,Rat,7573,,
tg,kq6g.0,7539,7792,JÄGER,18,"!",$.,--,7573,,
tg,kq6g.0,7539,7792,JÄGER,18,He,NN,--,7573,,
tg,kq6g.0,7539,7792,JÄGER,18,",","$,",--,7573,,
tg,kq6g.0,7539,7792,JÄGER,18,schönes,ADJA,schön,7573,,
tg,kq6g.0,7539,7792,JÄGER,18,Mädchen,NN,mädchen,7573,,
tg,kq6g.0,7539,7792,JÄGER,18,",","$,",--,7573,,
tg,kq6g.0,7539,7792,JÄGER,18,höre,VVFIN,hören,7573,,
tg,kq6g.0,7539,7792,JÄGER,18,"!",$.,--,7573,,
tg,kq6g.0,7797,7888,"Gabriele, seine Nichte, (Sopran)",2,Hilf,VVIMP,hilf,7573,,
tg,kq6g.0,7797,7888,"Gabriele, seine Nichte, (Sopran)",2,Himmel,NN,himmel,7573,,
tg,kq6g.0,7797,7888,"Gabriele, seine Nichte, (Sopran)",2,",","$,",--,7573,,
tg,kq6g.0,7797,7888,"Gabriele, seine Nichte, (Sopran)",2,ach,ITJ,ach,7573,,
tg,kq6g.0,7797,7888,"Gabriele, seine Nichte, (Sopran)",2,"!",$.,--,7573,,
tg,kq6g.0,7893,7926,JÄGER,18,Was,PWS,was,7573,,
tg,kq6g.0,7893,7926,JÄGER,18,bebst,VVFIN,bebst,7573,,
tg,kq6g.0,7893,7926,JÄGER,18,du,PPER,du,7573,,
tg,kq6g.0,7893,7926,JÄGER,18,denn,ADV,denn,7573,,
tg,kq6g.0,7893,7926,JÄGER,18,vor,APPR,vor,7573,,
tg,kq6g.0,7893,7926,JÄGER,18,mir,PPER,sich,7573,JÄGER,18
tg,kq6g.0,7893,7926,JÄGER,18,?,$.,--,7573,,
tg,kq6g.0,7931,8144,"Gabriele, seine Nichte, (Sopran)",2,Wer,PWS,wer,7573,,
tg,kq6g.0,7931,8144,"Gabriele, seine Nichte, (Sopran)",2,Ihr,PPOSAT,ihr,7573,,
tg,kq6g.0,7931,8144,"Gabriele, seine Nichte, (Sopran)",2,auch,ADV,auch,7573,,
tg,kq6g.0,7931,8144,"Gabriele, seine Nichte, (Sopran)",2,seid,ADJD,sein,7573,,
tg,kq6g.0,7931,8144,"Gabriele, seine Nichte, (Sopran)",2,",","$,",--,7573,,
tg,kq6g.0,7931,8144,"Gabriele, seine Nichte, (Sopran)",2,vergebt,VVFIN,vergeben,7573,,
tg,kq6g.0,7931,8144,"Gabriele, seine Nichte, (Sopran)",2,mir,PPER,sich,7573,"Gabriele, seine Nichte, (Sopran)",2
tg,kq6g.0,7931,8144,"Gabriele, seine Nichte, (Sopran)",2,meinen,PPOSAT,mein,7573,"Gabriele, seine Nichte, (Sopran)",2
tg,kq6g.0,7931,8144,"Gabriele, seine Nichte, (Sopran)",2,Zweifel,NN,zweifel,7573,,
tg,kq6g.0,7931,8144,"Gabriele, seine Nichte, (Sopran)",2,.,$.,--,7573,,
tg,kq6g.0,7931,8144,"Gabriele, seine Nichte, (Sopran)",2,Jetzt,ADV,jetzt,7573,,
tg,kq6g.0,7931,8144,"Gabriele, seine Nichte, (Sopran)",2,",","$,",--,7573,,
tg,kq6g.0,7931,8144,"Gabriele, seine Nichte, (Sopran)",2,da,ADV,da,7573,,
tg,kq6g.0,7931,8144,"Gabriele, seine Nichte, (Sopran)",2,Ihr,PPOSAT,ihr,7573,,
tg,kq6g.0,7931,8144,"Gabriele, seine Nichte, (Sopran)",2,Hilfe,NN,hilfe,7573,,
tg,kq6g.0,7931,8144,"Gabriele, seine Nichte, (Sopran)",2,bringend,ADJD,bringend,7573,,
tg,kq6g.0,7931,8144,"Gabriele, seine Nichte, (Sopran)",2,vor,APPR,vor,7573,,
tg,kq6g.0,7931,8144,"Gabriele, seine Nichte, (Sopran)",2,mir,PPER,sich,7573,"Gabriele, seine Nichte, (Sopran)",2
tg,kq6g.0,7931,8144,"Gabriele, seine Nichte, (Sopran)",2,steht,VVFIN,stehen,7573,,
tg,kq6g.0,7931,8144,"Gabriele, seine Nichte, (Sopran)",2,",","$,",--,7573,,
tg,kq6g.0,7931,8144,"Gabriele, seine Nichte, (Sopran)",2,Jetzt,ADV,jetzt,7573,,
tg,kq6g.0,7931,8144,"Gabriele, seine Nichte, (Sopran)",2,glaub,VVFIN,glaub,7573,,
tg,kq6g.0,7931,8144,"Gabriele, seine Nichte, (Sopran)",2,',$[,--,7573,,
tg,kq6g.0,7931,8144,"Gabriele, seine Nichte, (Sopran)",2,ich,PPER,ich,7573,"Gabriele, seine Nichte, (Sopran)",2
tg,kq6g.0,7931,8144,"Gabriele, seine Nichte, (Sopran)",2,fast,ADV,fast,7573,,
tg,kq6g.0,7931,8144,"Gabriele, seine Nichte, (Sopran)",2,",","$,",--,7573,,
tg,kq6g.0,7931,8144,"Gabriele, seine Nichte, (Sopran)",2,daß,KOUS,daß,7573,,
tg,kq6g.0,7931,8144,"Gabriele, seine Nichte, (Sopran)",2,Wunder,NN,wunder,7573,,
tg,kq6g.0,7931,8144,"Gabriele, seine Nichte, (Sopran)",2,noch,ADV,noch,7573,,
tg,kq6g.0,7931,8144,"Gabriele, seine Nichte, (Sopran)",2,geschehen,VVPP,geschehen,7573,,
tg,kq6g.0,7931,8144,"Gabriele, seine Nichte, (Sopran)",2,.,$.,--,7573,,
tg,kq6g.0,7931,8144,"Gabriele, seine Nichte, (Sopran)",2,Mein,PPOSAT,mein,7573,,
tg,kq6g.0,7931,8144,"Gabriele, seine Nichte, (Sopran)",2,Täubchen,NN,täubchen,7573,,
tg,kq6g.0,7931,8144,"Gabriele, seine Nichte, (Sopran)",2,ist's,VVFIN,ist's,7573,,
tg,kq6g.0,7931,8144,"Gabriele, seine Nichte, (Sopran)",2,",","$,",--,7573,,
tg,kq6g.0,7931,8144,"Gabriele, seine Nichte, (Sopran)",2,schon,ADV,schon,7573,,
tg,kq6g.0,7931,8144,"Gabriele, seine Nichte, (Sopran)",2,in,APPR,in,7573,,
tg,kq6g.0,7931,8144,"Gabriele, seine Nichte, (Sopran)",2,des,ART,der,7573,,
tg,kq6g.0,7931,8144,"Gabriele, seine Nichte, (Sopran)",2,Adlers,NN,adler,7573,,
tg,kq6g.0,7931,8144,"Gabriele, seine Nichte, (Sopran)",2,Klauen,VVINF,klau,7573,,
tg,kq6g.0,7931,8144,"Gabriele, seine Nichte, (Sopran)",2,"!",$.,--,7573,,
tg,kq6g.0,8150,8177,JÄGER,18,Ist's,NE,ist's,7573,,
tg,kq6g.0,8150,8177,JÄGER,18,möglich,ADJD,möglich,7573,,
tg,kq6g.0,8150,8177,JÄGER,18,",","$,",--,7573,,
tg,kq6g.0,8150,8177,JÄGER,18,Kind,NN,kind,7573,,
tg,kq6g.0,8150,8177,JÄGER,18,?,$.,--,7573,,
tg,kq6g.0,8182,8324,"Gabriele, seine Nichte, (Sopran)",2,Ja,PTKANT,ja,7573,,
tg,kq6g.0,8182,8324,"Gabriele, seine Nichte, (Sopran)",2,",","$,",--,7573,,
tg,kq6g.0,8182,8324,"Gabriele, seine Nichte, (Sopran)",2,sie,PPER,sie,7573,,
tg,kq6g.0,8182,8324,"Gabriele, seine Nichte, (Sopran)",2,ist,VAFIN,sein,7573,,
tg,kq6g.0,8182,8324,"Gabriele, seine Nichte, (Sopran)",2,mein,PPOSAT,mein,7573,"Gabriele, seine Nichte, (Sopran)",2
tg,kq6g.0,8182,8324,"Gabriele, seine Nichte, (Sopran)",2,"!",$.,--,7573,,
tg,kq6g.0,8182,8324,"Gabriele, seine Nichte, (Sopran)",2,Mein,PPOSAT,mein,7573,,
tg,kq6g.0,8182,8324,"Gabriele, seine Nichte, (Sopran)",2,Liebstes,NN,liebst,7573,,
tg,kq6g.0,8182,8324,"Gabriele, seine Nichte, (Sopran)",2,",","$,",--,7573,,
tg,kq6g.0,8182,8324,"Gabriele, seine Nichte, (Sopran)",2,mein,PPOSAT,mein,7573,"Gabriele, seine Nichte, (Sopran)",2
tg,kq6g.0,8182,8324,"Gabriele, seine Nichte, (Sopran)",2,bester,ADJA,gut,7573,,
tg,kq6g.0,8182,8324,"Gabriele, seine Nichte, (Sopran)",2,Schatz,NN,schatz,7573,,
tg,kq6g.0,8182,8324,"Gabriele, seine Nichte, (Sopran)",2,"!",$.,--,7573,,
tg,kq6g.0,8182,8324,"Gabriele, seine Nichte, (Sopran)",2,Als,KOUS,als,7573,,
tg,kq6g.0,8182,8324,"Gabriele, seine Nichte, (Sopran)",2,sie,PPER,sie,7573,,
tg,kq6g.0,8182,8324,"Gabriele, seine Nichte, (Sopran)",2,Der,ART,der,7573,,
tg,kq6g.0,8182,8324,"Gabriele, seine Nichte, (Sopran)",2,Adler,NN,adler,7573,,
tg,kq6g.0,8182,8324,"Gabriele, seine Nichte, (Sopran)",2,mir,PPER,sich,7573,"Gabriele, seine Nichte, (Sopran)",2
tg,kq6g.0,8182,8324,"Gabriele, seine Nichte, (Sopran)",2,entführt,VVFIN,entführen,7573,,
tg,kq6g.0,8182,8324,"Gabriele, seine Nichte, (Sopran)",2,',$[,--,7573,,
tg,kq6g.0,8182,8324,"Gabriele, seine Nichte, (Sopran)",2,",","$,",--,7573,,
tg,kq6g.0,8182,8324,"Gabriele, seine Nichte, (Sopran)",2,hing,VVFIN,hängen,7573,,
tg,kq6g.0,8182,8324,"Gabriele, seine Nichte, (Sopran)",2,ihr,PPOSAT,ihr,7573,,
tg,kq6g.0,8182,8324,"Gabriele, seine Nichte, (Sopran)",2,am,APPRART,an,7573,,
tg,kq6g.0,8182,8324,"Gabriele, seine Nichte, (Sopran)",2,Hals,NN,hals,7573,,
tg,kq6g.0,8182,8324,"Gabriele, seine Nichte, (Sopran)",2,ein,ART,ein,7573,,
tg,kq6g.0,8182,8324,"Gabriele, seine Nichte, (Sopran)",2,Silberring,NN,silberring,7573,,
tg,kq6g.0,8182,8324,"Gabriele, seine Nichte, (Sopran)",2,.,$.,--,7573,,
tg,kq6g.0,8330,8405,JÄGER,18,Bedarf,NN,bedarf,7573,,
tg,kq6g.0,8330,8405,JÄGER,18,des,ART,der,7573,,
tg,kq6g.0,8330,8405,JÄGER,18,nicht,PTKNEG,nicht,7573,,
tg,kq6g.0,8330,8405,JÄGER,18,",","$,",--,7573,,
tg,kq6g.0,8330,8405,JÄGER,18,dies,PDS,dieser,7573,,
tg,kq6g.0,8330,8405,JÄGER,18,Auge,NN,auge,7573,,
tg,kq6g.0,8330,8405,JÄGER,18,kann,VMFIN,können,7573,,
tg,kq6g.0,8330,8405,JÄGER,18,nicht,PTKNEG,nicht,7573,,
tg,kq6g.0,8330,8405,JÄGER,18,trügen,VVINF,tragen,7573,,
tg,kq6g.0,8330,8405,JÄGER,18,.,$.,--,7573,,
tg,kq6g.0,8410,8536,"Gabriele, seine Nichte, (Sopran)",2,Da,ADV,da,7573,,
tg,kq6g.0,8410,8536,"Gabriele, seine Nichte, (Sopran)",2,flieg,ADJD,flieg,7573,,
tg,kq6g.0,8410,8536,"Gabriele, seine Nichte, (Sopran)",2,',$[,--,7573,,
tg,kq6g.0,8410,8536,"Gabriele, seine Nichte, (Sopran)",2,",","$,",--,7573,,
tg,kq6g.0,8410,8536,"Gabriele, seine Nichte, (Sopran)",2,du,PPER,du,7573,,
tg,kq6g.0,8410,8536,"Gabriele, seine Nichte, (Sopran)",2,Traute,NN,traute,7573,,
tg,kq6g.0,8410,8536,"Gabriele, seine Nichte, (Sopran)",2,",","$,",--,7573,,
tg,kq6g.0,8410,8536,"Gabriele, seine Nichte, (Sopran)",2,bald,ADV,bald,7573,,
tg,kq6g.0,8410,8536,"Gabriele, seine Nichte, (Sopran)",2,folg,ADJD,folg,7573,,
tg,kq6g.0,8410,8536,"Gabriele, seine Nichte, (Sopran)",2,',$[,--,7573,,
tg,kq6g.0,8410,8536,"Gabriele, seine Nichte, (Sopran)",2,ich,PPER,ich,7573,"Gabriele, seine Nichte, (Sopran)",2
tg,kq6g.0,8410,8536,"Gabriele, seine Nichte, (Sopran)",2,dir,PRF,dir,7573,,
tg,kq6g.0,8410,8536,"Gabriele, seine Nichte, (Sopran)",2,nach,PTKVZ,nach,7573,,
tg,kq6g.0,8410,8536,"Gabriele, seine Nichte, (Sopran)",2,.,$.,--,7573,,
tg,kq6g.0,8541,8639,JÄGER,18,Wie,PWAV,wie,7573,,
tg,kq6g.0,8541,8639,JÄGER,18,sie,PPER,sie,7573,,
tg,kq6g.0,8541,8639,JÄGER,18,sich,PRF,sich,7573,,
tg,kq6g.0,8541,8639,JÄGER,18,freut,VVFIN,freuen,7573,,
tg,kq6g.0,8541,8639,JÄGER,18,"!",$.,--,7573,,
tg,kq6g.0,8541,8639,JÄGER,18,Wie,PWAV,wie,7573,,
tg,kq6g.0,8541,8639,JÄGER,18,unschuldsvoll,ADJD,unschuldsvoll,7573,,
tg,kq6g.0,8541,8639,JÄGER,18,"!",$.,--,7573,,
tg,kq6g.0,8541,8639,JÄGER,18,Sie,PPER,sie,7573,,
tg,kq6g.0,8541,8639,JÄGER,18,hat,VAFIN,haben,7573,,
tg,kq6g.0,8541,8639,JÄGER,18,den,ART,der,7573,,
tg,kq6g.0,8541,8639,JÄGER,18,Schutzgeist,NN,schutzgeist,7573,,
tg,kq6g.0,8541,8639,JÄGER,18,Ganz,ADV,ganz,7573,,
tg,kq6g.0,8541,8639,JÄGER,18,vergessen,VVINF,vergessen,7573,,
tg,kq6g.0,8541,8639,JÄGER,18,.,$.,--,7573,,
tg,kq6g.0,8645,8769,"Gabriele, seine Nichte, (Sopran)",2,Ihr,PPOSAT,ihr,7573,,
tg,kq6g.0,8645,8769,"Gabriele, seine Nichte, (Sopran)",2,seid,ADJD,sein,7573,,
tg,kq6g.0,8645,8769,"Gabriele, seine Nichte, (Sopran)",2,so,ADV,so,7573,,
tg,kq6g.0,8645,8769,"Gabriele, seine Nichte, (Sopran)",2,freundlich,ADJD,freundlich,7573,,
tg,kq6g.0,8645,8769,"Gabriele, seine Nichte, (Sopran)",2,",","$,",--,7573,,
tg,kq6g.0,8645,8769,"Gabriele, seine Nichte, (Sopran)",2,lieber,ADV,lieber,7573,,
tg,kq6g.0,8645,8769,"Gabriele, seine Nichte, (Sopran)",2,Herr,NN,herr,7573,,
tg,kq6g.0,8645,8769,"Gabriele, seine Nichte, (Sopran)",2,"!",$.,--,7573,,
tg,kq6g.0,8645,8769,"Gabriele, seine Nichte, (Sopran)",2,O,NE,O,7573,,
tg,kq6g.0,8645,8769,"Gabriele, seine Nichte, (Sopran)",2,sagt,VVFIN,sagen,7573,,
tg,kq6g.0,8645,8769,"Gabriele, seine Nichte, (Sopran)",2,",","$,",--,7573,,
tg,kq6g.0,8645,8769,"Gabriele, seine Nichte, (Sopran)",2,wie,PWAV,wie,7573,,
tg,kq6g.0,8645,8769,"Gabriele, seine Nichte, (Sopran)",2,habt,VAFIN,haben,7573,,
tg,kq6g.0,8645,8769,"Gabriele, seine Nichte, (Sopran)",2,Ihr,PPOSAT,ihr,7573,,
tg,kq6g.0,8645,8769,"Gabriele, seine Nichte, (Sopran)",2,ohne,APPR,ohne,7573,,
tg,kq6g.0,8645,8769,"Gabriele, seine Nichte, (Sopran)",2,Flügel,NN,flügel,7573,,
tg,kq6g.0,8645,8769,"Gabriele, seine Nichte, (Sopran)",2,Aus,APPR,aus,7573,,
tg,kq6g.0,8645,8769,"Gabriele, seine Nichte, (Sopran)",2,hoher,ADJA,hoch,7573,,
tg,kq6g.0,8645,8769,"Gabriele, seine Nichte, (Sopran)",2,Luft,NN,luft,7573,,
tg,kq6g.0,8645,8769,"Gabriele, seine Nichte, (Sopran)",2,dies,PDS,dieser,7573,,
tg,kq6g.0,8645,8769,"Gabriele, seine Nichte, (Sopran)",2,Täubchen,VVFIN,täubchen,7573,,
tg,kq6g.0,8645,8769,"Gabriele, seine Nichte, (Sopran)",2,mitgebracht,VVPP,mitbringen,7573,,
tg,kq6g.0,8645,8769,"Gabriele, seine Nichte, (Sopran)",2,?,$.,--,7573,,
tg,kq6g.0,8775,9085,JÄGER,18,Verirrt,NN,verirrt,7573,,
tg,kq6g.0,8775,9085,JÄGER,18,",","$,",--,7573,,
tg,kq6g.0,8775,9085,JÄGER,18,allein,ADV,allein,7573,,
tg,kq6g.0,8775,9085,JÄGER,18,auf,APPR,auf,7573,,
tg,kq6g.0,8775,9085,JÄGER,18,hohem,ADJA,hoch,7573,,
tg,kq6g.0,8775,9085,JÄGER,18,Felsen,NN,fels,7573,,
tg,kq6g.0,8775,9085,JÄGER,18,Fand,VVFIN,fand,7573,,
tg,kq6g.0,8775,9085,JÄGER,18,ich,PPER,ich,7573,JÄGER,18
tg,kq6g.0,8775,9085,JÄGER,18,auf,APPR,auf,7573,,
tg,kq6g.0,8775,9085,JÄGER,18,einer,ART,ein,7573,,
tg,kq6g.0,8775,9085,JÄGER,18,Klippe,NN,klippe,7573,,
tg,kq6g.0,8775,9085,JÄGER,18,neben,APPR,neben,7573,,
tg,kq6g.0,8775,9085,JÄGER,18,mir,PPER,sich,7573,JÄGER,18
tg,kq6g.0,8775,9085,JÄGER,18,Einen,ART,ein,7573,,
tg,kq6g.0,8775,9085,JÄGER,18,Adlerhorst,NN,adlerhorst,7573,,
tg,kq6g.0,8775,9085,JÄGER,18,.,$.,--,7573,,
tg,kq6g.0,8775,9085,JÄGER,18,Schon,ADV,schon,7573,,
tg,kq6g.0,8775,9085,JÄGER,18,griff,VVFIN,greifen,7573,,
tg,kq6g.0,8775,9085,JÄGER,18,ich,PPER,ich,7573,JÄGER,18
tg,kq6g.0,8775,9085,JÄGER,18,nach,APPR,nach,7573,,
tg,kq6g.0,8775,9085,JÄGER,18,dem,ART,der,7573,,
tg,kq6g.0,8775,9085,JÄGER,18,Feuerrohr,NN,feuerrohr,7573,,
tg,kq6g.0,8775,9085,JÄGER,18,",","$,",--,7573,,
tg,kq6g.0,8775,9085,JÄGER,18,Doch,KON,doch,7573,,
tg,kq6g.0,8775,9085,JÄGER,18,konnt,VVFIN,konnen,7573,,
tg,kq6g.0,8775,9085,JÄGER,18,',$[,--,7573,,
tg,kq6g.0,8775,9085,JÄGER,18,ich,PPER,ich,7573,JÄGER,18
tg,kq6g.0,8775,9085,JÄGER,18,nimmer,ADJD,nimm,7573,,
tg,kq6g.0,8775,9085,JÄGER,18,mich,PRF,mich,7573,JÄGER,18
tg,kq6g.0,8775,9085,JÄGER,18,entschließen,VVFIN,entschließen,7573,,
tg,kq6g.0,8775,9085,JÄGER,18,",","$,",--,7573,,
tg,kq6g.0,8775,9085,JÄGER,18,Denn,KON,denn,7573,,
tg,kq6g.0,8775,9085,JÄGER,18,",","$,",--,7573,,
tg,kq6g.0,8775,9085,JÄGER,18,unter,APPR,unter,7573,,
tg,kq6g.0,8775,9085,JÄGER,18,uns,PPER,uns,7573,,
tg,kq6g.0,8775,9085,JÄGER,18,",","$,",--,7573,,
tg,kq6g.0,8775,9085,JÄGER,18,ich,PPER,ich,7573,JÄGER,18
tg,kq6g.0,8775,9085,JÄGER,18,bin,VAFIN,sein,7573,,
tg,kq6g.0,8775,9085,JÄGER,18,den,ART,der,7573,,
tg,kq6g.0,8775,9085,JÄGER,18,Adlern,NN,adler,7573,,
tg,kq6g.0,8775,9085,JÄGER,18,gut,ADJD,gut,7573,,
tg,kq6g.0,8775,9085,JÄGER,18,.,$.,--,7573,,
tg,kq6g.0,8775,9085,JÄGER,18,Jedoch,KON,jedoch,7573,,
tg,kq6g.0,8775,9085,JÄGER,18,der,ART,der,7573,,
tg,kq6g.0,8775,9085,JÄGER,18,Aar,NN,aar,7573,,
tg,kq6g.0,8775,9085,JÄGER,18,",","$,",--,7573,,
tg,kq6g.0,8775,9085,JÄGER,18,vom,APPRART,von,7573,,
tg,kq6g.0,8775,9085,JÄGER,18,fernen,ADJA,fern,7573,,
tg,kq6g.0,8775,9085,JÄGER,18,Ruf,NN,ruf,7573,,
tg,kq6g.0,8775,9085,JÄGER,18,erschreckt,VVPP,erschrecken,7573,,
tg,kq6g.0,8775,9085,JÄGER,18,",","$,",--,7573,,
tg,kq6g.0,8775,9085,JÄGER,18,Erhob,VVFIN,erhob,7573,,
tg,kq6g.0,8775,9085,JÄGER,18,sich,PRF,sich,7573,,
tg,kq6g.0,8775,9085,JÄGER,18,schnell,ADJD,schnell,7573,,
tg,kq6g.0,8775,9085,JÄGER,18,und,KON,und,7573,,
tg,kq6g.0,8775,9085,JÄGER,18,ließ,VVFIN,lassen,7573,,
tg,kq6g.0,8775,9085,JÄGER,18,zurück,ADV,zurück,7573,,
tg,kq6g.0,8775,9085,JÄGER,18,die,ART,der,7573,,
tg,kq6g.0,8775,9085,JÄGER,18,Beute,NN,beute,7573,,
tg,kq6g.0,8775,9085,JÄGER,18,.,$.,--,7573,,
tg,kq6g.0,9091,9127,"Gabriele, seine Nichte, (Sopran)",2,Dem,ART,der,7573,,
tg,kq6g.0,9091,9127,"Gabriele, seine Nichte, (Sopran)",2,Himmel,NN,himmel,7573,,
tg,kq6g.0,9091,9127,"Gabriele, seine Nichte, (Sopran)",2,Dank,NN,dank,7573,,
tg,kq6g.0,9091,9127,"Gabriele, seine Nichte, (Sopran)",2,"!",$.,--,7573,,
tg,kq6g.0,9132,9251,JÄGER,18,Da,ADV,da,7573,,
tg,kq6g.0,9132,9251,JÄGER,18,holt,VVFIN,holen,7573,,
tg,kq6g.0,9132,9251,JÄGER,18,',$[,--,7573,,
tg,kq6g.0,9132,9251,JÄGER,18,ich,PPER,ich,7573,JÄGER,18
tg,kq6g.0,9132,9251,JÄGER,18,mir,PPER,sich,7573,JÄGER,18
tg,kq6g.0,9132,9251,JÄGER,18,die,ART,der,7573,,
tg,kq6g.0,9132,9251,JÄGER,18,Taube,NE,taube,7573,,
tg,kq6g.0,9132,9251,JÄGER,18,Und,KON,und,7573,,
tg,kq6g.0,9132,9251,JÄGER,18,nah,ADJD,nah,7573,,
tg,kq6g.0,9132,9251,JÄGER,18,dabei,PROAV,dabei,7573,,
tg,kq6g.0,9132,9251,JÄGER,18,fand,VVFIN,finden,7573,,
tg,kq6g.0,9132,9251,JÄGER,18,ich,PPER,ich,7573,JÄGER,18
tg,kq6g.0,9132,9251,JÄGER,18,den,ART,der,7573,,
tg,kq6g.0,9132,9251,JÄGER,18,Weg,NN,weg,7573,,
tg,kq6g.0,9132,9251,JÄGER,18,ins,APPRART,in,7573,,
tg,kq6g.0,9132,9251,JÄGER,18,Thal,NN,thal,7573,,
tg,kq6g.0,9132,9251,JÄGER,18,.,$.,--,7573,,
tg,kq6g.0,9132,9251,JÄGER,18,Nun,ADV,nun,7573,,
tg,kq6g.0,9132,9251,JÄGER,18,sage,VVFIN,sagen,7573,,
tg,kq6g.0,9132,9251,JÄGER,18,",","$,",--,7573,,
tg,kq6g.0,9132,9251,JÄGER,18,holdes,ADJA,hold,7573,,
tg,kq6g.0,9132,9251,JÄGER,18,Mädchen,NN,mädchen,7573,,
tg,kq6g.0,9132,9251,JÄGER,18,",","$,",--,7573,,
tg,kq6g.0,9132,9251,JÄGER,18,wohnst,VVFIN,wohnst,7573,,
tg,kq6g.0,9132,9251,JÄGER,18,du,PPER,du,7573,,
tg,kq6g.0,9132,9251,JÄGER,18,hier,ADV,hier,7573,,
tg,kq6g.0,9132,9251,JÄGER,18,?,$.,--,7573,,
tg,kq6g.0,9257,9314,"Gabriele, seine Nichte, (Sopran)",2,Bei,APPR,bei,7573,,
tg,kq6g.0,9257,9314,"Gabriele, seine Nichte, (Sopran)",2,meinem,PPOSAT,mein,7573,"Gabriele, seine Nichte, (Sopran)",2
tg,kq6g.0,9257,9314,"Gabriele, seine Nichte, (Sopran)",2,Oheim,NN,oheim,7573,,
tg,kq6g.0,9257,9314,"Gabriele, seine Nichte, (Sopran)",2,",","$,",--,7573,,
tg,kq6g.0,9257,9314,"Gabriele, seine Nichte, (Sopran)",2,denn,KON,denn,7573,,
tg,kq6g.0,9257,9314,"Gabriele, seine Nichte, (Sopran)",2,jüngst,ADV,jung,7573,,
tg,kq6g.0,9257,9314,"Gabriele, seine Nichte, (Sopran)",2,starb,VVFIN,sterben,7573,,
tg,kq6g.0,9257,9314,"Gabriele, seine Nichte, (Sopran)",2,mein,PPOSAT,mein,7573,"Gabriele, seine Nichte, (Sopran)",2
tg,kq6g.0,9257,9314,"Gabriele, seine Nichte, (Sopran)",2,Vater,NN,vater,7573,,
tg,kq6g.0,9257,9314,"Gabriele, seine Nichte, (Sopran)",2,.,$.,--,7573,,
tg,kq6g.0,9319,9358,JÄGER,18,Und,KON,und,7573,,
tg,kq6g.0,9319,9358,JÄGER,18,diese,PDAT,dieser,7573,,
tg,kq6g.0,9319,9358,JÄGER,18,Wohnung,NN,wohnung,7573,,
tg,kq6g.0,9319,9358,JÄGER,18,?,$.,--,7573,,
tg,kq6g.0,9363,9584,"Gabriele, seine Nichte, (Sopran)",2,Ist,VAFIN,sein,7573,,
tg,kq6g.0,9363,9584,"Gabriele, seine Nichte, (Sopran)",2,ein,ART,ein,7573,,
tg,kq6g.0,9363,9584,"Gabriele, seine Nichte, (Sopran)",2,wüstes,ADJA,wüst,7573,,
tg,kq6g.0,9363,9584,"Gabriele, seine Nichte, (Sopran)",2,Schloß,NN,schloß,7573,,
tg,kq6g.0,9363,9584,"Gabriele, seine Nichte, (Sopran)",2,",","$,",--,7573,,
tg,kq6g.0,9363,9584,"Gabriele, seine Nichte, (Sopran)",2,noch,ADV,noch,7573,,
tg,kq6g.0,9363,9584,"Gabriele, seine Nichte, (Sopran)",2,aus,APPR,aus,7573,,
tg,kq6g.0,9363,9584,"Gabriele, seine Nichte, (Sopran)",2,der,ART,der,7573,,
tg,kq6g.0,9363,9584,"Gabriele, seine Nichte, (Sopran)",2,Zeit,NN,zeit,7573,,
tg,kq6g.0,9363,9584,"Gabriele, seine Nichte, (Sopran)",2,Als,APPR,als,7573,,
tg,kq6g.0,9363,9584,"Gabriele, seine Nichte, (Sopran)",2,hier,ADV,hier,7573,,
tg,kq6g.0,9363,9584,"Gabriele, seine Nichte, (Sopran)",2,die,ART,der,7573,,
tg,kq6g.0,9363,9584,"Gabriele, seine Nichte, (Sopran)",2,Mauren,NN,maure,7573,,
tg,kq6g.0,9363,9584,"Gabriele, seine Nichte, (Sopran)",2,herrschten,VVFIN,herrschten,7573,,
tg,kq6g.0,9363,9584,"Gabriele, seine Nichte, (Sopran)",2,.,$.,--,7573,,
tg,kq6g.0,9363,9584,"Gabriele, seine Nichte, (Sopran)",2,Man,PIS,man,7573,,
tg,kq6g.0,9363,9584,"Gabriele, seine Nichte, (Sopran)",2,sagt,VVFIN,sagen,7573,,
tg,kq6g.0,9363,9584,"Gabriele, seine Nichte, (Sopran)",2,sogar,ADV,sogar,7573,,
tg,kq6g.0,9363,9584,"Gabriele, seine Nichte, (Sopran)",2,",","$,",--,7573,,
tg,kq6g.0,9363,9584,"Gabriele, seine Nichte, (Sopran)",2,es,PPER,es,7573,,
tg,kq6g.0,9363,9584,"Gabriele, seine Nichte, (Sopran)",2,seien,VAFIN,sein,7573,,
tg,kq6g.0,9363,9584,"Gabriele, seine Nichte, (Sopran)",2,Abencerragen,NN,abencerrage,7573,,
tg,kq6g.0,9363,9584,"Gabriele, seine Nichte, (Sopran)",2,Darin,PROAV,darin,7573,,
tg,kq6g.0,9363,9584,"Gabriele, seine Nichte, (Sopran)",2,verbrannt,VVPP,verbrennen,7573,,
tg,kq6g.0,9363,9584,"Gabriele, seine Nichte, (Sopran)",2,–,XY,–,7573,,
tg,kq6g.0,9363,9584,"Gabriele, seine Nichte, (Sopran)",2,ob,KOUS,ob,7573,,
tg,kq6g.0,9363,9584,"Gabriele, seine Nichte, (Sopran)",2,einer,ART,ein,7573,,
tg,kq6g.0,9363,9584,"Gabriele, seine Nichte, (Sopran)",2,Königin,NN,königin,7573,,
tg,kq6g.0,9363,9584,"Gabriele, seine Nichte, (Sopran)",2,–,XY,–,7573,,
tg,kq6g.0,9363,9584,"Gabriele, seine Nichte, (Sopran)",2,Ich,PPER,ich,7573,,
tg,kq6g.0,9363,9584,"Gabriele, seine Nichte, (Sopran)",2,weiß,VVFIN,weiß,7573,,
tg,kq6g.0,9363,9584,"Gabriele, seine Nichte, (Sopran)",2,nicht,PTKNEG,nicht,7573,,
tg,kq6g.0,9363,9584,"Gabriele, seine Nichte, (Sopran)",2,recht,ADJD,recht,7573,,
tg,kq6g.0,9363,9584,"Gabriele, seine Nichte, (Sopran)",2,.,$.,--,7573,,
tg,kq6g.0,9590,9619,JÄGER,18,Ja,PTKANT,ja,7573,,
tg,kq6g.0,9590,9619,JÄGER,18,ja,PTKANT,ja,7573,,
tg,kq6g.0,9590,9619,JÄGER,18,",","$,",--,7573,,
tg,kq6g.0,9590,9619,JÄGER,18,es,PPER,es,7573,,
tg,kq6g.0,9590,9619,JÄGER,18,mag,VMFIN,mögen,7573,,
tg,kq6g.0,9590,9619,JÄGER,18,so,ADV,so,7573,,
tg,kq6g.0,9590,9619,JÄGER,18,sein,VAINF,sein,7573,,
tg,kq6g.0,9590,9619,JÄGER,18,.,$.,--,7573,,
tg,kq6g.0,9624,9819,"Gabriele, seine Nichte, (Sopran)",2,Dann,ADV,dann,7573,,
tg,kq6g.0,9624,9819,"Gabriele, seine Nichte, (Sopran)",2,haben,VAFIN,haben,7573,,
tg,kq6g.0,9624,9819,"Gabriele, seine Nichte, (Sopran)",2,oft,ADV,oft,7573,,
tg,kq6g.0,9624,9819,"Gabriele, seine Nichte, (Sopran)",2,sich,PRF,sich,7573,,
tg,kq6g.0,9624,9819,"Gabriele, seine Nichte, (Sopran)",2,Räuber,NN,räuber,7573,,
tg,kq6g.0,9624,9819,"Gabriele, seine Nichte, (Sopran)",2,hergeflüchtet,VVPP,hergeflüchten,7573,,
tg,kq6g.0,9624,9819,"Gabriele, seine Nichte, (Sopran)",2,.,$.,--,7573,,
tg,kq6g.0,9624,9819,"Gabriele, seine Nichte, (Sopran)",2,Nun,ADV,nun,7573,,
tg,kq6g.0,9624,9819,"Gabriele, seine Nichte, (Sopran)",2,aber,ADV,aber,7573,,
tg,kq6g.0,9624,9819,"Gabriele, seine Nichte, (Sopran)",2,ist's,ADV,ist's,7573,,
tg,kq6g.0,9624,9819,"Gabriele, seine Nichte, (Sopran)",2,von,APPR,von,7573,,
tg,kq6g.0,9624,9819,"Gabriele, seine Nichte, (Sopran)",2,Hirten,NN,hirt,7573,,
tg,kq6g.0,9624,9819,"Gabriele, seine Nichte, (Sopran)",2,zugerichtet,VVPP,zurichten,7573,,
tg,kq6g.0,9624,9819,"Gabriele, seine Nichte, (Sopran)",2,",","$,",--,7573,,
tg,kq6g.0,9624,9819,"Gabriele, seine Nichte, (Sopran)",2,Zum,APPRART,zu,7573,,
tg,kq6g.0,9624,9819,"Gabriele, seine Nichte, (Sopran)",2,Schutz,NN,schutz,7573,,
tg,kq6g.0,9624,9819,"Gabriele, seine Nichte, (Sopran)",2,vor,APPR,vor,7573,,
tg,kq6g.0,9624,9819,"Gabriele, seine Nichte, (Sopran)",2,Sturm,NN,sturm,7573,,
tg,kq6g.0,9624,9819,"Gabriele, seine Nichte, (Sopran)",2,.,$.,--,7573,,
tg,kq6g.0,9624,9819,"Gabriele, seine Nichte, (Sopran)",2,Doch,KON,doch,7573,,
tg,kq6g.0,9624,9819,"Gabriele, seine Nichte, (Sopran)",2,nun,ADV,nun,7573,,
tg,kq6g.0,9624,9819,"Gabriele, seine Nichte, (Sopran)",2,gebt,VVFIN,geben,7573,,
tg,kq6g.0,9624,9819,"Gabriele, seine Nichte, (Sopran)",2,mir,PPER,sich,7573,"Gabriele, seine Nichte, (Sopran)",2
tg,kq6g.0,9624,9819,"Gabriele, seine Nichte, (Sopran)",2,Bericht,NN,bericht,7573,,
tg,kq6g.0,9624,9819,"Gabriele, seine Nichte, (Sopran)",2,.,$.,--,7573,,
tg,kq6g.0,9824,9879,JÄGER,18,Sprich,VVIMP,sprich,7573,,
tg,kq6g.0,9824,9879,JÄGER,18,",","$,",--,7573,,
tg,kq6g.0,9824,9879,JÄGER,18,liebes,ADJA,lieb,7573,,
tg,kq6g.0,9824,9879,JÄGER,18,Kind,NN,kind,7573,,
tg,kq6g.0,9824,9879,JÄGER,18,",","$,",--,7573,,
tg,kq6g.0,9824,9879,JÄGER,18,was,PWS,was,7573,,
tg,kq6g.0,9824,9879,JÄGER,18,wünschest,VVFIN,wünschest,7573,,
tg,kq6g.0,9824,9879,JÄGER,18,du,PPER,du,7573,,
tg,kq6g.0,9824,9879,JÄGER,18,zu,PTKZU,zu,7573,,
tg,kq6g.0,9824,9879,JÄGER,18,wissen,VVINF,wissen,7573,,
tg,kq6g.0,9824,9879,JÄGER,18,?,$.,--,7573,,
tg,kq6g.0,9884,9949,"Gabriele, seine Nichte, (Sopran)",2,Man,PIS,man,7573,,
tg,kq6g.0,9884,9949,"Gabriele, seine Nichte, (Sopran)",2,weiß,VVFIN,weiß,7573,,
tg,kq6g.0,9884,9949,"Gabriele, seine Nichte, (Sopran)",2,doch,ADV,doch,7573,,
tg,kq6g.0,9884,9949,"Gabriele, seine Nichte, (Sopran)",2,gern,ADV,gern,7573,,
tg,kq6g.0,9884,9949,"Gabriele, seine Nichte, (Sopran)",2,auch,ADV,auch,7573,,
tg,kq6g.0,9884,9949,"Gabriele, seine Nichte, (Sopran)",2,",","$,",--,7573,,
tg,kq6g.0,9884,9949,"Gabriele, seine Nichte, (Sopran)",2,wer,PWS,wer,7573,,
tg,kq6g.0,9884,9949,"Gabriele, seine Nichte, (Sopran)",2,der,ART,der,7573,,
tg,kq6g.0,9884,9949,"Gabriele, seine Nichte, (Sopran)",2,andre,PIS,andre,7573,,
tg,kq6g.0,9884,9949,"Gabriele, seine Nichte, (Sopran)",2,ist,VAFIN,sein,7573,,
tg,kq6g.0,9884,9949,"Gabriele, seine Nichte, (Sopran)",2,?,$.,--,7573,,
tg,kq6g.0,9954,10025,JÄGER,18,Vom,APPRART,von,7573,,
tg,kq6g.0,9954,10025,JÄGER,18,Herzen,NN,herz,7573,,
tg,kq6g.0,9954,10025,JÄGER,18,gern,ADV,gern,7573,,
tg,kq6g.0,9954,10025,JÄGER,18,",","$,",--,7573,,
tg,kq6g.0,9954,10025,JÄGER,18,da,ADV,da,7573,,
tg,kq6g.0,9954,10025,JÄGER,18,ist,VAFIN,sein,7573,,
tg,kq6g.0,9954,10025,JÄGER,18,nicht,PTKNEG,nicht,7573,,
tg,kq6g.0,9954,10025,JÄGER,18,viel,PIS,viel,7573,,
tg,kq6g.0,9954,10025,JÄGER,18,zu,PTKZU,zu,7573,,
tg,kq6g.0,9954,10025,JÄGER,18,sagen,VVINF,sagen,7573,,
tg,kq6g.0,9954,10025,JÄGER,18,.,$.,--,7573,,
tg,kq6g.0,10031,10785,JÄGER,18,Ein,ART,ein,7573,,
tg,kq6g.0,10031,10785,JÄGER,18,Schütz,NE,schütz,7573,,
tg,kq6g.0,10031,10785,JÄGER,18,bin,VAFIN,sein,7573,,
tg,kq6g.0,10031,10785,JÄGER,18,ich,PPER,ich,7573,JÄGER,18
tg,kq6g.0,10031,10785,JÄGER,18,",","$,",--,7573,,
tg,kq6g.0,10031,10785,JÄGER,18,in,APPR,in,7573,,
tg,kq6g.0,10031,10785,JÄGER,18,des,ART,der,7573,,
tg,kq6g.0,10031,10785,JÄGER,18,Regenten,NN,regent,7573,,
tg,kq6g.0,10031,10785,JÄGER,18,Sold,NN,sold,7573,,
tg,kq6g.0,10031,10785,JÄGER,18,",","$,",--,7573,,
tg,kq6g.0,10031,10785,JÄGER,18,In,APPR,in,7573,,
tg,kq6g.0,10031,10785,JÄGER,18,Deutschlands,NE,deutschland,7573,,
tg,kq6g.0,10031,10785,JÄGER,18,Gauen,NN,gauen,7573,,
tg,kq6g.0,10031,10785,JÄGER,18,steht,VVFIN,stehen,7573,,
tg,kq6g.0,10031,10785,JÄGER,18,mein,PPOSAT,mein,7573,JÄGER,18
tg,kq6g.0,10031,10785,JÄGER,18,Ahnenschloß,NN,ahnenschloß,7573,,
tg,kq6g.0,10031,10785,JÄGER,18,;,$.,--,7573,,
tg,kq6g.0,10031,10785,JÄGER,18,Ist,VAFIN,sein,7573,,
tg,kq6g.0,10031,10785,JÄGER,18,nichts,PIS,nichts,7573,,
tg,kq6g.0,10031,10785,JÄGER,18,auch,ADV,auch,7573,,
tg,kq6g.0,10031,10785,JÄGER,18,mein,PPOSAT,mein,7573,JÄGER,18
tg,kq6g.0,10031,10785,JÄGER,18,als,KOKOM,als,7573,,
tg,kq6g.0,10031,10785,JÄGER,18,Büchse,NN,büchse,7573,,
tg,kq6g.0,10031,10785,JÄGER,18,",","$,",--,7573,,
tg,kq6g.0,10031,10785,JÄGER,18,Schwert,NN,schwert,7573,,
tg,kq6g.0,10031,10785,JÄGER,18,und,KON,und,7573,,
tg,kq6g.0,10031,10785,JÄGER,18,Roß,NN,roß,7573,,
tg,kq6g.0,10031,10785,JÄGER,18,",","$,",--,7573,,
tg,kq6g.0,10031,10785,JÄGER,18,Sind,VAFIN,sein,7573,,
tg,kq6g.0,10031,10785,JÄGER,18,doch,ADV,doch,7573,,
tg,kq6g.0,10031,10785,JÄGER,18,die,ART,der,7573,,
tg,kq6g.0,10031,10785,JÄGER,18,Mädchen,NN,mädchen,7573,,
tg,kq6g.0,10031,10785,JÄGER,18,stets,ADV,stets,7573,,
tg,kq6g.0,10031,10785,JÄGER,18,den,ART,der,7573,,
tg,kq6g.0,10031,10785,JÄGER,18,Jägern,NN,jäger,7573,,
tg,kq6g.0,10031,10785,JÄGER,18,hold,PTKVZ,hold,7573,,
tg,kq6g.0,10031,10785,JÄGER,18,.,$.,--,7573,,
tg,kq6g.0,10031,10785,JÄGER,18,So,ADV,so,7573,,
tg,kq6g.0,10031,10785,JÄGER,18,blick,ADJD,blick,7573,,
tg,kq6g.0,10031,10785,JÄGER,18,',$[,--,7573,,
tg,kq6g.0,10031,10785,JÄGER,18,auch,ADV,auch,7573,,
tg,kq6g.0,10031,10785,JÄGER,18,du,PPER,du,7573,,
tg,kq6g.0,10031,10785,JÄGER,18,den,ART,der,7573,,
tg,kq6g.0,10031,10785,JÄGER,18,Fremdling,NN,fremdling,7573,,
tg,kq6g.0,10031,10785,JÄGER,18,freundlich,ADJD,freundlich,7573,,
tg,kq6g.0,10031,10785,JÄGER,18,an,PTKVZ,an,7573,,
tg,kq6g.0,10031,10785,JÄGER,18,",","$,",--,7573,,
tg,kq6g.0,10031,10785,JÄGER,18,Er,PPER,er,7573,,
tg,kq6g.0,10031,10785,JÄGER,18,fand,VVFIN,finden,7573,,
tg,kq6g.0,10031,10785,JÄGER,18,vom,APPRART,von,7573,,
tg,kq6g.0,10031,10785,JÄGER,18,Adlerhorst,NN,adlerhorst,7573,,
tg,kq6g.0,10031,10785,JÄGER,18,zu,APPR,zu,7573,,
tg,kq6g.0,10031,10785,JÄGER,18,dir,PPER,dir,7573,,
tg,kq6g.0,10031,10785,JÄGER,18,die,ART,der,7573,,
tg,kq6g.0,10031,10785,JÄGER,18,Bahn,NN,bahn,7573,,
tg,kq6g.0,10031,10785,JÄGER,18,.,$.,--,7573,,
tg,kq6g.0,10031,10785,JÄGER,18,Schmiegt,VVFIN,schmiegen,7573,,
tg,kq6g.0,10031,10785,JÄGER,18,sich,PRF,sich,7573,,
tg,kq6g.0,10031,10785,JÄGER,18,die,ART,der,7573,,
tg,kq6g.0,10031,10785,JÄGER,18,Taube,NE,taube,7573,,
tg,kq6g.0,10031,10785,JÄGER,18,kosend,ADJD,kosend,7573,,
tg,kq6g.0,10031,10785,JÄGER,18,an,APPR,an,7573,,
tg,kq6g.0,10031,10785,JÄGER,18,dich,PPER,dich,7573,,
tg,kq6g.0,10031,10785,JÄGER,18,an,PTKVZ,an,7573,,
tg,kq6g.0,10031,10785,JÄGER,18,",","$,",--,7573,,
tg,kq6g.0,10031,10785,JÄGER,18,So,ADV,so,7573,,
tg,kq6g.0,10031,10785,JÄGER,18,denk,ADJD,denk,7573,,
tg,kq6g.0,10031,10785,JÄGER,18,',$[,--,7573,,
tg,kq6g.0,10031,10785,JÄGER,18,auch,ADV,auch,7573,,
tg,kq6g.0,10031,10785,JÄGER,18,manchmal,ADV,manchmal,7573,,
tg,kq6g.0,10031,10785,JÄGER,18,an,APPR,an,7573,,
tg,kq6g.0,10031,10785,JÄGER,18,den,ART,der,7573,,
tg,kq6g.0,10031,10785,JÄGER,18,Jägersmann,NN,jägersmann,7573,,
tg,kq6g.0,10031,10785,JÄGER,18,.,$.,--,7573,,
tg,kq6g.0,10031,10785,JÄGER,18,Bald,ADV,bald,7573,,
tg,kq6g.0,10031,10785,JÄGER,18,führt,VVFIN,führen,7573,,
tg,kq6g.0,10031,10785,JÄGER,18,mich,PPER,mich,7573,JÄGER,18
tg,kq6g.0,10031,10785,JÄGER,18,fort,PTKVZ,fort,7573,,
tg,kq6g.0,10031,10785,JÄGER,18,ein,ART,ein,7573,,
tg,kq6g.0,10031,10785,JÄGER,18,feindliches,ADJA,feindlich,7573,,
tg,kq6g.0,10031,10785,JÄGER,18,Geschick,NN,geschick,7573,,
tg,kq6g.0,10031,10785,JÄGER,18,",","$,",--,7573,,
tg,kq6g.0,10031,10785,JÄGER,18,Denn,KON,denn,7573,,
tg,kq6g.0,10031,10785,JÄGER,18,nimmer,ADJD,nimmer,7573,,
tg,kq6g.0,10031,10785,JÄGER,18,ruht,VVFIN,ruhen,7573,,
tg,kq6g.0,10031,10785,JÄGER,18,des,ART,der,7573,,
tg,kq6g.0,10031,10785,JÄGER,18,Lebens,NN,leben,7573,,
tg,kq6g.0,10031,10785,JÄGER,18,wilde,ADJA,wild,7573,,
tg,kq6g.0,10031,10785,JÄGER,18,Jagd,NN,jagd,7573,,
tg,kq6g.0,10031,10785,JÄGER,18,;,$.,--,7573,,
tg,kq6g.0,10031,10785,JÄGER,18,Dann,ADV,dann,7573,,
tg,kq6g.0,10031,10785,JÄGER,18,denk,ADJD,denk,7573,,
tg,kq6g.0,10031,10785,JÄGER,18,',$[,--,7573,,
tg,kq6g.0,10031,10785,JÄGER,18,ich,PPER,ich,7573,JÄGER,18
tg,kq6g.0,10031,10785,JÄGER,18,wohl,ADV,wohl,7573,,
tg,kq6g.0,10031,10785,JÄGER,18,noch,ADV,noch,7573,,
tg,kq6g.0,10031,10785,JÄGER,18,oft,ADV,oft,7573,,
tg,kq6g.0,10031,10785,JÄGER,18,an,APPR,an,7573,,
tg,kq6g.0,10031,10785,JÄGER,18,dich,PPER,dich,7573,,
tg,kq6g.0,10031,10785,JÄGER,18,zurück,PTKVZ,zurück,7573,,
tg,kq6g.0,10031,10785,JÄGER,18,",","$,",--,7573,,
tg,kq6g.0,10031,10785,JÄGER,18,Wenn,KOUS,wenn,7573,,
tg,kq6g.0,10031,10785,JÄGER,18,auch,ADV,auch,7573,,
tg,kq6g.0,10031,10785,JÄGER,18,dein,PPOSAT,dein,7573,,
tg,kq6g.0,10031,10785,JÄGER,18,Herz,NN,herz,7573,,
tg,kq6g.0,10031,10785,JÄGER,18,nicht,PTKNEG,nicht,7573,,
tg,kq6g.0,10031,10785,JÄGER,18,nach,APPR,nach,7573,,
tg,kq6g.0,10031,10785,JÄGER,18,dem,ART,der,7573,,
tg,kq6g.0,10031,10785,JÄGER,18,Jäger,NE,jäger,7573,,
tg,kq6g.0,10031,10785,JÄGER,18,fragt,VVFIN,fragen,7573,,
tg,kq6g.0,10031,10785,JÄGER,18,.,$.,--,7573,,
tg,kq6g.0,10031,10785,JÄGER,18,Doch,KON,doch,7573,,
tg,kq6g.0,10031,10785,JÄGER,18,nimmer,ADJD,nimmer,7573,,
tg,kq6g.0,10031,10785,JÄGER,18,trügt,VVFIN,trügen,7573,,
tg,kq6g.0,10031,10785,JÄGER,18,mich,PPER,mich,7573,JÄGER,18
tg,kq6g.0,10031,10785,JÄGER,18,wohl,ADV,wohl,7573,,
tg,kq6g.0,10031,10785,JÄGER,18,ein,ART,ein,7573,,
tg,kq6g.0,10031,10785,JÄGER,18,falscher,ADJA,falsch,7573,,
tg,kq6g.0,10031,10785,JÄGER,18,Wahn,NN,wahn,7573,,
tg,kq6g.0,10031,10785,JÄGER,18,",","$,",--,7573,,
tg,kq6g.0,10031,10785,JÄGER,18,Wandl,PWAV,wandl,7573,,
tg,kq6g.0,10031,10785,JÄGER,18,',$[,--,7573,,
tg,kq6g.0,10031,10785,JÄGER,18,ich,PPER,ich,7573,JÄGER,18
tg,kq6g.0,10031,10785,JÄGER,18,auch,ADV,auch,7573,,
tg,kq6g.0,10031,10785,JÄGER,18,fern,ADJD,fern,7573,,
tg,kq6g.0,10031,10785,JÄGER,18,auf,APPR,auf,7573,,
tg,kq6g.0,10031,10785,JÄGER,18,dornenvoller,ADJA,dornenvoll,7573,,
tg,kq6g.0,10031,10785,JÄGER,18,Bahn,NN,bahn,7573,,
tg,kq6g.0,10031,10785,JÄGER,18,:,$.,--,7573,,
tg,kq6g.0,10031,10785,JÄGER,18,Schmiegt,VVFIN,schmiegen,7573,,
tg,kq6g.0,10031,10785,JÄGER,18,sich,PRF,sich,7573,,
tg,kq6g.0,10031,10785,JÄGER,18,die,ART,der,7573,,
tg,kq6g.0,10031,10785,JÄGER,18,Taube,NE,taube,7573,,
tg,kq6g.0,10031,10785,JÄGER,18,kosend,ADJD,kosend,7573,,
tg,kq6g.0,10031,10785,JÄGER,18,an,APPR,an,7573,,
tg,kq6g.0,10031,10785,JÄGER,18,dich,PPER,dich,7573,,
tg,kq6g.0,10031,10785,JÄGER,18,an,PTKVZ,an,7573,,
tg,kq6g.0,10031,10785,JÄGER,18,",","$,",--,7573,,
tg,kq6g.0,10031,10785,JÄGER,18,So,ADV,so,7573,,
tg,kq6g.0,10031,10785,JÄGER,18,denkst,VVFIN,denken,7573,,
tg,kq6g.0,10031,10785,JÄGER,18,du,PPER,du,7573,,
tg,kq6g.0,10031,10785,JÄGER,18,auch,ADV,auch,7573,,
tg,kq6g.0,10031,10785,JÄGER,18,an,APPR,an,7573,,
tg,kq6g.0,10031,10785,JÄGER,18,deinen,PPOSAT,dein,7573,,
tg,kq6g.0,10031,10785,JÄGER,18,Jägersmann,NN,jägersmann,7573,,
tg,kq6g.0,10031,10785,JÄGER,18,.,$.,--,7573,,
tg,kq6g.0,10791,10867,JÄGER,18,Doch,KON,doch,7573,,
tg,kq6g.0,10791,10867,JÄGER,18,wünsch,ADJD,wünsch,7573,,
tg,kq6g.0,10791,10867,JÄGER,18,',$[,--,7573,,
tg,kq6g.0,10791,10867,JÄGER,18,ich,PPER,ich,7573,JÄGER,18
tg,kq6g.0,10791,10867,JÄGER,18,nun,ADV,nun,7573,,
tg,kq6g.0,10791,10867,JÄGER,18,",","$,",--,7573,,
tg,kq6g.0,10791,10867,JÄGER,18,willst,VMFIN,wollen,7573,,
tg,kq6g.0,10791,10867,JÄGER,18,du,PPER,du,7573,,
tg,kq6g.0,10791,10867,JÄGER,18,es,PPER,es,7573,,
tg,kq6g.0,10791,10867,JÄGER,18,mir,PPER,sich,7573,JÄGER,18
tg,kq6g.0,10791,10867,JÄGER,18,bereiten,VVFIN,bereiten,7573,,
tg,kq6g.0,10791,10867,JÄGER,18,",","$,",--,7573,,
tg,kq6g.0,10791,10867,JÄGER,18,Ein,ART,ein,7573,,
tg,kq6g.0,10791,10867,JÄGER,18,wirtlich,ADJD,wirtlich,7573,,
tg,kq6g.0,10791,10867,JÄGER,18,Mahl,NN,mahl,7573,,
tg,kq6g.0,10791,10867,JÄGER,18,"!",$.,--,7573,,
tg,kq6g.0,10873,10956,"Gabriele, seine Nichte, (Sopran)",2,Es,PPER,es,7573,,
tg,kq6g.0,10873,10956,"Gabriele, seine Nichte, (Sopran)",2,ist,VAFIN,sein,7573,,
tg,kq6g.0,10873,10956,"Gabriele, seine Nichte, (Sopran)",2,nur,ADV,nur,7573,,
tg,kq6g.0,10873,10956,"Gabriele, seine Nichte, (Sopran)",2,Obst,NN,obst,7573,,
tg,kq6g.0,10873,10956,"Gabriele, seine Nichte, (Sopran)",2,und,KON,und,7573,,
tg,kq6g.0,10873,10956,"Gabriele, seine Nichte, (Sopran)",2,Brot,NN,brot,7573,,
tg,kq6g.0,10873,10956,"Gabriele, seine Nichte, (Sopran)",2,",","$,",--,7573,,
tg,kq6g.0,10873,10956,"Gabriele, seine Nichte, (Sopran)",2,was,PWS,was,7573,,
tg,kq6g.0,10873,10956,"Gabriele, seine Nichte, (Sopran)",2,ich,PPER,ich,7573,"Gabriele, seine Nichte, (Sopran)",2
tg,kq6g.0,10873,10956,"Gabriele, seine Nichte, (Sopran)",2,Euch,PPER,euch,7573,,
tg,kq6g.0,10873,10956,"Gabriele, seine Nichte, (Sopran)",2,Bringen,VVINF,bringen,7573,,
tg,kq6g.0,10873,10956,"Gabriele, seine Nichte, (Sopran)",2,kann,VMFIN,können,7573,,
tg,kq6g.0,10873,10956,"Gabriele, seine Nichte, (Sopran)",2,",","$,",--,7573,,
tg,kq6g.0,10873,10956,"Gabriele, seine Nichte, (Sopran)",2,und,KON,und,7573,,
tg,kq6g.0,10873,10956,"Gabriele, seine Nichte, (Sopran)",2,frische,ADJA,frisch,7573,,
tg,kq6g.0,10873,10956,"Gabriele, seine Nichte, (Sopran)",2,Milch,NN,milch,7573,,
tg,kq6g.0,10873,10956,"Gabriele, seine Nichte, (Sopran)",2,.,$.,--,7573,,
tg,kq6g.0,10962,11103,JÄGER,18,ärbt,VVFIN,ärben,7573,,
tg,kq6g.0,10962,11103,JÄGER,18,diese,PDAT,dieser,7573,,
tg,kq6g.0,10962,11103,JÄGER,18,Kost,NN,kost,7573,,
tg,kq6g.0,10962,11103,JÄGER,18,so,ADV,so,7573,,
tg,kq6g.0,10962,11103,JÄGER,18,rosig,ADJD,rosig,7573,,
tg,kq6g.0,10962,11103,JÄGER,18,dir,PPER,dir,7573,,
tg,kq6g.0,10962,11103,JÄGER,18,die,ART,der,7573,,
tg,kq6g.0,10962,11103,JÄGER,18,Wangen,NN,wange,7573,,
tg,kq6g.0,10962,11103,JÄGER,18,",","$,",--,7573,,
tg,kq6g.0,10962,11103,JÄGER,18,So,ADV,so,7573,,
tg,kq6g.0,10962,11103,JÄGER,18,kann,VMFIN,können,7573,,
tg,kq6g.0,10962,11103,JÄGER,18,sich,PRF,sich,7573,,
tg,kq6g.0,10962,11103,JÄGER,18,wohl,ADV,wohl,7573,,
tg,kq6g.0,10962,11103,JÄGER,18,der,ART,der,7573,,
tg,kq6g.0,10962,11103,JÄGER,18,Weidmann,NE,weidmann,7573,,
tg,kq6g.0,10962,11103,JÄGER,18,dran,PROAV,dran,7573,,
tg,kq6g.0,10962,11103,JÄGER,18,begnügen,VVINF,begnügen,7573,,
tg,kq6g.0,10962,11103,JÄGER,18,.,$.,--,7573,,
tg,kq6g.0,11206,11877,JÄGER,18,Welch,PIDAT,welch,7573,,
tg,kq6g.0,11206,11877,JÄGER,18,feurig,ADJD,feurig,7573,,
tg,kq6g.0,11206,11877,JÄGER,18,Aug,NN,aug,7573,,
tg,kq6g.0,11206,11877,JÄGER,18,',$[,--,7573,,
tg,kq6g.0,11206,11877,JÄGER,18,"!",$.,--,7573,,
tg,kq6g.0,11206,11877,JÄGER,18,Welch,PIDAT,welch,7573,,
tg,kq6g.0,11206,11877,JÄGER,18,offne,ADJA,offn,7573,,
tg,kq6g.0,11206,11877,JÄGER,18,Stirne,NN,stirne,7573,,
tg,kq6g.0,11206,11877,JÄGER,18,"!",$.,--,7573,,
tg,kq6g.0,11206,11877,JÄGER,18,Die,ART,der,7573,,
tg,kq6g.0,11206,11877,JÄGER,18,Unschuld,NN,unschuld,7573,,
tg,kq6g.0,11206,11877,JÄGER,18,strahlt,VVFIN,strahlen,7573,,
tg,kq6g.0,11206,11877,JÄGER,18,aus,APPR,aus,7573,,
tg,kq6g.0,11206,11877,JÄGER,18,ihrem,PPOSAT,ihr,7573,,
tg,kq6g.0,11206,11877,JÄGER,18,Blick,NN,blick,7573,,
tg,kq6g.0,11206,11877,JÄGER,18,"!",$.,--,7573,,
tg,kq6g.0,11206,11877,JÄGER,18,Wär,NE,sein,7573,,
tg,kq6g.0,11206,11877,JÄGER,18,',$[,--,7573,,
tg,kq6g.0,11206,11877,JÄGER,18,ich,PPER,ich,7573,JÄGER,18
tg,kq6g.0,11206,11877,JÄGER,18,ein,ART,ein,7573,,
tg,kq6g.0,11206,11877,JÄGER,18,Schütz,NE,schütz,7573,,
tg,kq6g.0,11206,11877,JÄGER,18,in,APPR,in,7573,,
tg,kq6g.0,11206,11877,JÄGER,18,diesem,PDAT,dieser,7573,,
tg,kq6g.0,11206,11877,JÄGER,18,Thale,NN,thale,7573,,
tg,kq6g.0,11206,11877,JÄGER,18,Und,KON,und,7573,,
tg,kq6g.0,11206,11877,JÄGER,18,mein,PPOSAT,mein,7573,JÄGER,18
tg,kq6g.0,11206,11877,JÄGER,18,dies,PDS,dieser,7573,,
tg,kq6g.0,11206,11877,JÄGER,18,Mädchen,NN,mädchen,7573,,
tg,kq6g.0,11206,11877,JÄGER,18,und,KON,und,7573,,
tg,kq6g.0,11206,11877,JÄGER,18,mein,PPOSAT,mein,7573,JÄGER,18
tg,kq6g.0,11206,11877,JÄGER,18,Feuerrohr,NN,feuerrohr,7573,,
tg,kq6g.0,11206,11877,JÄGER,18,:,$.,--,7573,,
tg,kq6g.0,11206,11877,JÄGER,18,Am,APPRART,an,7573,,
tg,kq6g.0,11206,11877,JÄGER,18,Morgen,NN,morgen,7573,,
tg,kq6g.0,11206,11877,JÄGER,18,zög,ADV,zög,7573,,
tg,kq6g.0,11206,11877,JÄGER,18,',$[,--,7573,,
tg,kq6g.0,11206,11877,JÄGER,18,ich,PPER,ich,7573,JÄGER,18
tg,kq6g.0,11206,11877,JÄGER,18,heiter,PROAV,heiter,7573,,
tg,kq6g.0,11206,11877,JÄGER,18,fort,PTKVZ,fort,7573,,
tg,kq6g.0,11206,11877,JÄGER,18,Und,KON,und,7573,,
tg,kq6g.0,11206,11877,JÄGER,18,kehrte,VVFIN,kehren,7573,,
tg,kq6g.0,11206,11877,JÄGER,18,wieder,ADV,wieder,7573,,
tg,kq6g.0,11206,11877,JÄGER,18,mit,APPR,mit,7573,,
tg,kq6g.0,11206,11877,JÄGER,18,der,ART,der,7573,,
tg,kq6g.0,11206,11877,JÄGER,18,Abendröte,NN,abendröte,7573,,
tg,kq6g.0,11206,11877,JÄGER,18,;,$.,--,7573,,
tg,kq6g.0,11206,11877,JÄGER,18,Da,KOUS,da,7573,,
tg,kq6g.0,11206,11877,JÄGER,18,fänd,ADJD,fänd,7573,,
tg,kq6g.0,11206,11877,JÄGER,18,',$[,--,7573,,
tg,kq6g.0,11206,11877,JÄGER,18,ich,PPER,ich,7573,JÄGER,18
tg,kq6g.0,11206,11877,JÄGER,18,sie,PPER,sie,7573,,
tg,kq6g.0,11206,11877,JÄGER,18,wohl,ADV,wohl,7573,,
tg,kq6g.0,11206,11877,JÄGER,18,meiner,PPOSAT,mein,7573,JÄGER,18
tg,kq6g.0,11206,11877,JÄGER,18,harrend,ADJD,harrend,7573,,
tg,kq6g.0,11206,11877,JÄGER,18,",","$,",--,7573,,
tg,kq6g.0,11206,11877,JÄGER,18,Es,PPER,es,7573,,
tg,kq6g.0,11206,11877,JÄGER,18,grüßte,VVFIN,grüßen,7573,,
tg,kq6g.0,11206,11877,JÄGER,18,mich,PPER,mich,7573,JÄGER,18
tg,kq6g.0,11206,11877,JÄGER,18,so,ADV,so,7573,,
tg,kq6g.0,11206,11877,JÄGER,18,hell,ADJD,hell,7573,,
tg,kq6g.0,11206,11877,JÄGER,18,und,KON,und,7573,,
tg,kq6g.0,11206,11877,JÄGER,18,rein,ADV,rein,7573,,
tg,kq6g.0,11206,11877,JÄGER,18,ihr,PPOSAT,ihr,7573,,
tg,kq6g.0,11206,11877,JÄGER,18,Aug,NN,aug,7573,,
tg,kq6g.0,11206,11877,JÄGER,18,',$[,--,7573,,
tg,kq6g.0,11206,11877,JÄGER,18,"!",$.,--,7573,,
tg,kq6g.0,11206,11877,JÄGER,18,Ich,PPER,ich,7573,,
tg,kq6g.0,11206,11877,JÄGER,18,rief,VVFIN,rufen,7573,,
tg,kq6g.0,11206,11877,JÄGER,18,:,$.,--,7573,,
tg,kq6g.0,11206,11877,JÄGER,18,»,XY,»,7573,,
tg,kq6g.0,11206,11877,JÄGER,18,Da,ADV,da,7573,,
tg,kq6g.0,11206,11877,JÄGER,18,bin,VAFIN,sein,7573,,
tg,kq6g.0,11206,11877,JÄGER,18,ich,PPER,ich,7573,JÄGER,18
tg,kq6g.0,11206,11877,JÄGER,18,wieder,ADV,wieder,7573,,
tg,kq6g.0,11206,11877,JÄGER,18,"!",$.,--,7573,,
tg,kq6g.0,11206,11877,JÄGER,18,«,XY,«,7573,,
tg,kq6g.0,11206,11877,JÄGER,18,und,KON,und,7573,,
tg,kq6g.0,11206,11877,JÄGER,18,sie,PPER,sie,7573,,
tg,kq6g.0,11206,11877,JÄGER,18,sänke,VVFIN,sänk,7573,,
tg,kq6g.0,11206,11877,JÄGER,18,In,APPR,in,7573,,
tg,kq6g.0,11206,11877,JÄGER,18,meinen,PPOSAT,mein,7573,JÄGER,18
tg,kq6g.0,11206,11877,JÄGER,18,Arm,NN,arm,7573,,
tg,kq6g.0,11206,11877,JÄGER,18,"!",$.,--,7573,,
tg,kq6g.0,11206,11877,JÄGER,18,Ich,PPER,ich,7573,,
tg,kq6g.0,11206,11877,JÄGER,18,rief,VVFIN,rufen,7573,,
tg,kq6g.0,11206,11877,JÄGER,18,–,PPER,–,7573,,
tg,kq6g.0,11954,12131,"Gabriele, seine Nichte, (Sopran)",2,Da,ADV,da,7573,,
tg,kq6g.0,11954,12131,"Gabriele, seine Nichte, (Sopran)",2,bin,VAFIN,sein,7573,,
tg,kq6g.0,11954,12131,"Gabriele, seine Nichte, (Sopran)",2,ich,PPER,ich,7573,"Gabriele, seine Nichte, (Sopran)",2
tg,kq6g.0,11954,12131,"Gabriele, seine Nichte, (Sopran)",2,wieder,ADV,wieder,7573,,
tg,kq6g.0,11954,12131,"Gabriele, seine Nichte, (Sopran)",2,"!",$.,--,7573,,
tg,kq6g.0,12137,12200,JÄGER,18,O,NE,O,7573,,
tg,kq6g.0,12137,12200,JÄGER,18,du,NE,du,7573,,
tg,kq6g.0,12137,12200,JÄGER,18,"!",$.,--,7573,,
tg,kq6g.0,12206,12278,"Gabriele, seine Nichte, (Sopran)",2,Ich,PPER,ich,7573,,
tg,kq6g.0,12206,12278,"Gabriele, seine Nichte, (Sopran)",2,möcht,VVFIN,möchen,7573,,
tg,kq6g.0,12206,12278,"Gabriele, seine Nichte, (Sopran)",2,',$[,--,7573,,
tg,kq6g.0,12206,12278,"Gabriele, seine Nichte, (Sopran)",2,Euch,PPER,euch,7573,,
tg,kq6g.0,12206,12278,"Gabriele, seine Nichte, (Sopran)",2,gerne,ADV,gerne,7573,,
tg,kq6g.0,12206,12278,"Gabriele, seine Nichte, (Sopran)",2,fragen,VVFIN,fragen,7573,,
tg,kq6g.0,12206,12278,"Gabriele, seine Nichte, (Sopran)",2,–,XY,–,7573,,
tg,kq6g.0,12206,12278,"Gabriele, seine Nichte, (Sopran)",2,Doch,KON,doch,7573,,
tg,kq6g.0,12206,12278,"Gabriele, seine Nichte, (Sopran)",2,ist's,FM,ist's,7573,,
tg,kq6g.0,12206,12278,"Gabriele, seine Nichte, (Sopran)",2,bedenklich,ADJD,bedenklich,7573,,
tg,kq6g.0,12206,12278,"Gabriele, seine Nichte, (Sopran)",2,.,$.,--,7573,,
tg,kq6g.0,12284,12294,JÄGER,18,So,ADV,so,7573,,
tg,kq6g.0,12284,12294,JÄGER,18,?,$.,--,7573,,
tg,kq6g.0,12299,12327,"Gabriele, seine Nichte, (Sopran)",2,Ihr,PPOSAT,ihr,7573,,
tg,kq6g.0,12299,12327,"Gabriele, seine Nichte, (Sopran)",2,seid,ADJD,sein,7573,,
tg,kq6g.0,12299,12327,"Gabriele, seine Nichte, (Sopran)",2,vom,APPRART,von,7573,,
tg,kq6g.0,12299,12327,"Gabriele, seine Nichte, (Sopran)",2,Hofe,NE,hof,7573,,
tg,kq6g.0,12299,12327,"Gabriele, seine Nichte, (Sopran)",2,.,$.,--,7573,,
tg,kq6g.0,12332,12356,JÄGER,18,Ei,ITJ,ei,7573,,
tg,kq6g.0,12332,12356,JÄGER,18,",","$,",--,7573,,
tg,kq6g.0,12332,12356,JÄGER,18,was,PWS,was,7573,,
tg,kq6g.0,12332,12356,JÄGER,18,thut,VVFIN,thut,7573,,
tg,kq6g.0,12332,12356,JÄGER,18,das,PDS,der,7573,,
tg,kq6g.0,12332,12356,JÄGER,18,?,$.,--,7573,,
tg,kq6g.0,12361,12437,"Gabriele, seine Nichte, (Sopran)",2,So,ADV,so,7573,,
tg,kq6g.0,12361,12437,"Gabriele, seine Nichte, (Sopran)",2,hört,VVFIN,hören,7573,,
tg,kq6g.0,12361,12437,"Gabriele, seine Nichte, (Sopran)",2,mich,PPER,mich,7573,"Gabriele, seine Nichte, (Sopran)",2
tg,kq6g.0,12361,12437,"Gabriele, seine Nichte, (Sopran)",2,an,APPR,an,7573,,
tg,kq6g.0,12361,12437,"Gabriele, seine Nichte, (Sopran)",2,"!",$.,--,7573,,
tg,kq6g.0,12361,12437,"Gabriele, seine Nichte, (Sopran)",2,So,ADV,so,7573,,
tg,kq6g.0,12361,12437,"Gabriele, seine Nichte, (Sopran)",2,hört,VVFIN,hören,7573,,
tg,kq6g.0,12361,12437,"Gabriele, seine Nichte, (Sopran)",2,mich,PPER,mich,7573,"Gabriele, seine Nichte, (Sopran)",2
tg,kq6g.0,12361,12437,"Gabriele, seine Nichte, (Sopran)",2,an,APPR,an,7573,,
tg,kq6g.0,12361,12437,"Gabriele, seine Nichte, (Sopran)",2,"!",$.,--,7573,,
tg,kq6g.0,12361,12437,"Gabriele, seine Nichte, (Sopran)",2,–,XY,–,7573,,
tg,kq6g.0,12361,12437,"Gabriele, seine Nichte, (Sopran)",2,Kennt,VVIMP,kennen,7573,,
tg,kq6g.0,12361,12437,"Gabriele, seine Nichte, (Sopran)",2,Ihr,PPOSAT,ihr,7573,,
tg,kq6g.0,12361,12437,"Gabriele, seine Nichte, (Sopran)",2,den,ART,der,7573,,
tg,kq6g.0,12361,12437,"Gabriele, seine Nichte, (Sopran)",2,Prinzregenten,NN,prinzregent,7573,,
tg,kq6g.0,12361,12437,"Gabriele, seine Nichte, (Sopran)",2,?,$.,--,7573,,
tg,kq6g.0,12443,12514,JÄGER,18,Ich,PPER,ich,7573,,
tg,kq6g.0,12443,12514,JÄGER,18,?,$.,--,7573,,
tg,kq6g.0,12443,12514,JÄGER,18,Halb,ADJD,halb,7573,,
tg,kq6g.0,12443,12514,JÄGER,18,und,KON,und,7573,,
tg,kq6g.0,12443,12514,JÄGER,18,halb,ADJD,halb,7573,,
tg,kq6g.0,12443,12514,JÄGER,18,.,$.,--,7573,,
tg,kq6g.0,12443,12514,JÄGER,18,Ich,PPER,ich,7573,,
tg,kq6g.0,12443,12514,JÄGER,18,meine,VVFIN,mein,7573,,
tg,kq6g.0,12443,12514,JÄGER,18,von,APPR,von,7573,,
tg,kq6g.0,12443,12514,JÄGER,18,Person,NN,person,7573,,
tg,kq6g.0,12443,12514,JÄGER,18,.,$.,--,7573,,
tg,kq6g.0,12519,12666,"Gabriele, seine Nichte, (Sopran)",2,Das,PDS,der,7573,,
tg,kq6g.0,12519,12666,"Gabriele, seine Nichte, (Sopran)",2,ist,VAFIN,sein,7573,,
tg,kq6g.0,12519,12666,"Gabriele, seine Nichte, (Sopran)",2,mir,PPER,sich,7573,"Gabriele, seine Nichte, (Sopran)",2
tg,kq6g.0,12519,12666,"Gabriele, seine Nichte, (Sopran)",2,lieb,VVFIN,leiben,7573,,
tg,kq6g.0,12519,12666,"Gabriele, seine Nichte, (Sopran)",2,",","$,",--,7573,,
tg,kq6g.0,12519,12666,"Gabriele, seine Nichte, (Sopran)",2,das,PDS,der,7573,,
tg,kq6g.0,12519,12666,"Gabriele, seine Nichte, (Sopran)",2,ist,VAFIN,sein,7573,,
tg,kq6g.0,12519,12666,"Gabriele, seine Nichte, (Sopran)",2,mir,PPER,sich,7573,"Gabriele, seine Nichte, (Sopran)",2
tg,kq6g.0,12519,12666,"Gabriele, seine Nichte, (Sopran)",2,lieb,ADJD,leiben,7573,,
tg,kq6g.0,12519,12666,"Gabriele, seine Nichte, (Sopran)",2,"!",$.,--,7573,,
tg,kq6g.0,12519,12666,"Gabriele, seine Nichte, (Sopran)",2,Seht,VVFIN,sehen,7573,,
tg,kq6g.0,12519,12666,"Gabriele, seine Nichte, (Sopran)",2,",","$,",--,7573,,
tg,kq6g.0,12519,12666,"Gabriele, seine Nichte, (Sopran)",2,ferne,NN,fern,7573,,
tg,kq6g.0,12519,12666,"Gabriele, seine Nichte, (Sopran)",2,Sonnen,NN,sonne,7573,,
tg,kq6g.0,12519,12666,"Gabriele, seine Nichte, (Sopran)",2,blenden,VVFIN,blenden,7573,,
tg,kq6g.0,12519,12666,"Gabriele, seine Nichte, (Sopran)",2,",","$,",--,7573,,
tg,kq6g.0,12519,12666,"Gabriele, seine Nichte, (Sopran)",2,Sagt's,FM,sagt's,7573,,
tg,kq6g.0,12519,12666,"Gabriele, seine Nichte, (Sopran)",2,ihm,PPER,ihm,7573,,
tg,kq6g.0,12519,12666,"Gabriele, seine Nichte, (Sopran)",2,ja,ADV,ja,7573,,
tg,kq6g.0,12519,12666,"Gabriele, seine Nichte, (Sopran)",2,nicht,PTKNEG,nicht,7573,,
tg,kq6g.0,12519,12666,"Gabriele, seine Nichte, (Sopran)",2,",","$,",--,7573,,
tg,kq6g.0,12519,12666,"Gabriele, seine Nichte, (Sopran)",2,sagt's,VVFIN,sagt's,7573,,
tg,kq6g.0,12519,12666,"Gabriele, seine Nichte, (Sopran)",2,ihm,PPER,ihm,7573,,
tg,kq6g.0,12519,12666,"Gabriele, seine Nichte, (Sopran)",2,ja,ADV,ja,7573,,
tg,kq6g.0,12519,12666,"Gabriele, seine Nichte, (Sopran)",2,nicht,PTKNEG,nicht,7573,,
tg,kq6g.0,12519,12666,"Gabriele, seine Nichte, (Sopran)",2,"!",$.,--,7573,,
tg,kq6g.0,12519,12666,"Gabriele, seine Nichte, (Sopran)",2,Verdient,NN,verdienen,7573,,
tg,kq6g.0,12519,12666,"Gabriele, seine Nichte, (Sopran)",2,er,PPER,er,7573,,
tg,kq6g.0,12519,12666,"Gabriele, seine Nichte, (Sopran)",2,wohl,ADV,wohl,7573,,
tg,kq6g.0,12519,12666,"Gabriele, seine Nichte, (Sopran)",2,den,ART,der,7573,,
tg,kq6g.0,12519,12666,"Gabriele, seine Nichte, (Sopran)",2,Thron,NN,thron,7573,,
tg,kq6g.0,12519,12666,"Gabriele, seine Nichte, (Sopran)",2,?,$.,--,7573,,
tg,kq6g.0,12672,12834,JÄGER,18,Wie,PWAV,wie,7573,,
tg,kq6g.0,12672,12834,JÄGER,18,fragst,VVFIN,fragen,7573,,
tg,kq6g.0,12672,12834,JÄGER,18,du,PPER,du,7573,,
tg,kq6g.0,12672,12834,JÄGER,18,",","$,",--,7573,,
tg,kq6g.0,12672,12834,JÄGER,18,Kind,NN,kind,7573,,
tg,kq6g.0,12672,12834,JÄGER,18,?,$.,--,7573,,
tg,kq6g.0,12672,12834,JÄGER,18,Wer,PWS,wer,7573,,
tg,kq6g.0,12672,12834,JÄGER,18,kann,VMFIN,können,7573,,
tg,kq6g.0,12672,12834,JÄGER,18,wohl,ADV,wohl,7573,,
tg,kq6g.0,12672,12834,JÄGER,18,von,APPR,von,7573,,
tg,kq6g.0,12672,12834,JÄGER,18,uns,PPER,uns,7573,,
tg,kq6g.0,12672,12834,JÄGER,18,beiden,PIDAT,beide,7573,,
tg,kq6g.0,12672,12834,JÄGER,18,Hierüber,NN,hierüber,7573,,
tg,kq6g.0,12672,12834,JÄGER,18,so,ADV,so,7573,,
tg,kq6g.0,12672,12834,JÄGER,18,ins,APPRART,in,7573,,
tg,kq6g.0,12672,12834,JÄGER,18,Blaue,ADJA,blaue,7573,,
tg,kq6g.0,12672,12834,JÄGER,18,hin,APZR,hin,7573,,
tg,kq6g.0,12672,12834,JÄGER,18,entscheiden,VVINF,entscheiden,7573,,
tg,kq6g.0,12672,12834,JÄGER,18,?,$.,--,7573,,
tg,kq6g.0,12672,12834,JÄGER,18,Wie,PWAV,wie,7573,,
tg,kq6g.0,12672,12834,JÄGER,18,wollt,VVFIN,wollen,7573,,
tg,kq6g.0,12672,12834,JÄGER,18,',$[,--,7573,,
tg,kq6g.0,12672,12834,JÄGER,18,er,PPER,er,7573,,
tg,kq6g.0,12672,12834,JÄGER,18,nicht,PTKNEG,nicht,7573,,
tg,kq6g.0,12672,12834,JÄGER,18,?,$.,--,7573,,
tg,kq6g.0,12672,12834,JÄGER,18,Er,PPER,er,7573,,
tg,kq6g.0,12672,12834,JÄGER,18,ist,VAFIN,sein,7573,,
tg,kq6g.0,12672,12834,JÄGER,18,ein,ART,ein,7573,,
tg,kq6g.0,12672,12834,JÄGER,18,Königssohn,NN,königssohn,7573,,
tg,kq6g.0,12672,12834,JÄGER,18,.,$.,--,7573,,
tg,kq6g.0,12839,12958,"Gabriele, seine Nichte, (Sopran)",2,Das,ART,der,7573,,
tg,kq6g.0,12839,12958,"Gabriele, seine Nichte, (Sopran)",2,frag,ADJD,frag,7573,,
tg,kq6g.0,12839,12958,"Gabriele, seine Nichte, (Sopran)",2,',$[,--,7573,,
tg,kq6g.0,12839,12958,"Gabriele, seine Nichte, (Sopran)",2,ich,PPER,ich,7573,"Gabriele, seine Nichte, (Sopran)",2
tg,kq6g.0,12839,12958,"Gabriele, seine Nichte, (Sopran)",2,nicht,PTKNEG,nicht,7573,,
tg,kq6g.0,12839,12958,"Gabriele, seine Nichte, (Sopran)",2,",","$,",--,7573,,
tg,kq6g.0,12839,12958,"Gabriele, seine Nichte, (Sopran)",2,das,ART,der,7573,,
tg,kq6g.0,12839,12958,"Gabriele, seine Nichte, (Sopran)",2,frag,ADJD,frag,7573,,
tg,kq6g.0,12839,12958,"Gabriele, seine Nichte, (Sopran)",2,',$[,--,7573,,
tg,kq6g.0,12839,12958,"Gabriele, seine Nichte, (Sopran)",2,ich,PPER,ich,7573,"Gabriele, seine Nichte, (Sopran)",2
tg,kq6g.0,12839,12958,"Gabriele, seine Nichte, (Sopran)",2,nicht,PTKNEG,nicht,7573,,
tg,kq6g.0,12839,12958,"Gabriele, seine Nichte, (Sopran)",2,.,$.,--,7573,,
tg,kq6g.0,12839,12958,"Gabriele, seine Nichte, (Sopran)",2,Ist,VAFIN,sein,7573,,
tg,kq6g.0,12839,12958,"Gabriele, seine Nichte, (Sopran)",2,er,PPER,er,7573,,
tg,kq6g.0,12839,12958,"Gabriele, seine Nichte, (Sopran)",2,denn,ADV,denn,7573,,
tg,kq6g.0,12839,12958,"Gabriele, seine Nichte, (Sopran)",2,brav,ADJD,brav,7573,,
tg,kq6g.0,12839,12958,"Gabriele, seine Nichte, (Sopran)",2,und,KON,und,7573,,
tg,kq6g.0,12839,12958,"Gabriele, seine Nichte, (Sopran)",2,gut,ADJD,gut,7573,,
tg,kq6g.0,12839,12958,"Gabriele, seine Nichte, (Sopran)",2,",","$,",--,7573,,
tg,kq6g.0,12839,12958,"Gabriele, seine Nichte, (Sopran)",2,So,ADV,so,7573,,
tg,kq6g.0,12839,12958,"Gabriele, seine Nichte, (Sopran)",2,brav,ADJD,brav,7573,,
tg,kq6g.0,12839,12958,"Gabriele, seine Nichte, (Sopran)",2,und,KON,und,7573,,
tg,kq6g.0,12839,12958,"Gabriele, seine Nichte, (Sopran)",2,gut,ADJD,gut,7573,,
tg,kq6g.0,12839,12958,"Gabriele, seine Nichte, (Sopran)",2,",","$,",--,7573,,
tg,kq6g.0,12839,12958,"Gabriele, seine Nichte, (Sopran)",2,als,KOKOM,als,7573,,
tg,kq6g.0,12839,12958,"Gabriele, seine Nichte, (Sopran)",2,alle,PIDAT,aller,7573,ALLE,22
tg,kq6g.0,12839,12958,"Gabriele, seine Nichte, (Sopran)",2,Leute,NN,leute,7573,,
tg,kq6g.0,12839,12958,"Gabriele, seine Nichte, (Sopran)",2,sagen,VVINF,sagen,7573,,
tg,kq6g.0,12839,12958,"Gabriele, seine Nichte, (Sopran)",2,?,$.,--,7573,,
tg,kq6g.0,12964,13067,JÄGER,18,Ich,PPER,ich,7573,,
tg,kq6g.0,12964,13067,JÄGER,18,mein,PPOSAT,mein,7573,JÄGER,18
tg,kq6g.0,12964,13067,JÄGER,18,',$[,--,7573,,
tg,kq6g.0,12964,13067,JÄGER,18,",","$,",--,7573,,
tg,kq6g.0,12964,13067,JÄGER,18,ich,PPER,ich,7573,JÄGER,18
tg,kq6g.0,12964,13067,JÄGER,18,mein,PPOSAT,mein,7573,JÄGER,18
tg,kq6g.0,12964,13067,JÄGER,18,',$[,--,7573,,
tg,kq6g.0,12964,13067,JÄGER,18,",","$,",--,7573,,
tg,kq6g.0,12964,13067,JÄGER,18,er,PPER,er,7573,,
tg,kq6g.0,12964,13067,JÄGER,18,ist,VAFIN,sein,7573,,
tg,kq6g.0,12964,13067,JÄGER,18,ein,ART,ein,7573,,
tg,kq6g.0,12964,13067,JÄGER,18,treues,ADJA,treu,7573,,
tg,kq6g.0,12964,13067,JÄGER,18,deutsches,ADJA,deutsch,7573,,
tg,kq6g.0,12964,13067,JÄGER,18,Blut,NN,blut,7573,,
tg,kq6g.0,12964,13067,JÄGER,18,Und,KON,und,7573,,
tg,kq6g.0,12964,13067,JÄGER,18,seine,PPOSAT,sein,7573,,
tg,kq6g.0,12964,13067,JÄGER,18,Fehler,NN,fehler,7573,,
tg,kq6g.0,12964,13067,JÄGER,18,sind,VAFIN,sein,7573,,
tg,kq6g.0,12964,13067,JÄGER,18,wohl,ADV,wohl,7573,,
tg,kq6g.0,12964,13067,JÄGER,18,zu,PTKZU,zu,7573,,
tg,kq6g.0,12964,13067,JÄGER,18,ertragen,VVINF,ertragen,7573,,
tg,kq6g.0,12964,13067,JÄGER,18,.,$.,--,7573,,
tg,kq6g.0,13073,13180,"Gabriele, seine Nichte, (Sopran)",2,O,NE,O,7573,,
tg,kq6g.0,13073,13180,"Gabriele, seine Nichte, (Sopran)",2,das,PDS,der,7573,,
tg,kq6g.0,13073,13180,"Gabriele, seine Nichte, (Sopran)",2,ist,VAFIN,sein,7573,,
tg,kq6g.0,13073,13180,"Gabriele, seine Nichte, (Sopran)",2,herrlich,ADJD,herrlich,7573,,
tg,kq6g.0,13073,13180,"Gabriele, seine Nichte, (Sopran)",2,",","$,",--,7573,,
tg,kq6g.0,13073,13180,"Gabriele, seine Nichte, (Sopran)",2,o,ADV,O,7573,,
tg,kq6g.0,13073,13180,"Gabriele, seine Nichte, (Sopran)",2,das,PDS,der,7573,,
tg,kq6g.0,13073,13180,"Gabriele, seine Nichte, (Sopran)",2,ist,VAFIN,sein,7573,,
tg,kq6g.0,13073,13180,"Gabriele, seine Nichte, (Sopran)",2,herrlich,ADJD,herrlich,7573,,
tg,kq6g.0,13073,13180,"Gabriele, seine Nichte, (Sopran)",2,",","$,",--,7573,,
tg,kq6g.0,13073,13180,"Gabriele, seine Nichte, (Sopran)",2,o,ADV,O,7573,,
tg,kq6g.0,13073,13180,"Gabriele, seine Nichte, (Sopran)",2,das,PDS,der,7573,,
tg,kq6g.0,13073,13180,"Gabriele, seine Nichte, (Sopran)",2,ist,VAFIN,sein,7573,,
tg,kq6g.0,13073,13180,"Gabriele, seine Nichte, (Sopran)",2,herrlich,ADJD,herrlich,7573,,
tg,kq6g.0,13073,13180,"Gabriele, seine Nichte, (Sopran)",2,"!",$.,--,7573,,
tg,kq6g.0,13185,13214,JÄGER,18,Willst,VAFIN,willen,7573,,
tg,kq6g.0,13185,13214,JÄGER,18,du,PPER,du,7573,,
tg,kq6g.0,13185,13214,JÄGER,18,zu,APPR,zu,7573,,
tg,kq6g.0,13185,13214,JÄGER,18,ihm,PPER,ihm,7573,,
tg,kq6g.0,13185,13214,JÄGER,18,gehn,CARD,gehn,7573,,
tg,kq6g.0,13185,13214,JÄGER,18,?,$.,--,7573,,
tg,kq6g.0,13220,13245,"Gabriele, seine Nichte, (Sopran)",2,Und,KON,und,7573,,
tg,kq6g.0,13220,13245,"Gabriele, seine Nichte, (Sopran)",2,wär,VAFIN,sein,7573,,
tg,kq6g.0,13220,13245,"Gabriele, seine Nichte, (Sopran)",2,',$[,--,7573,,
tg,kq6g.0,13220,13245,"Gabriele, seine Nichte, (Sopran)",2,es,PPER,es,7573,,
tg,kq6g.0,13220,13245,"Gabriele, seine Nichte, (Sopran)",2,so,ADV,so,7573,,
tg,kq6g.0,13220,13245,"Gabriele, seine Nichte, (Sopran)",2,?,$.,--,7573,,
tg,kq6g.0,13250,13373,JÄGER,18,Dann,ADV,dann,7573,,
tg,kq6g.0,13250,13373,JÄGER,18,sei,VAFIN,sein,7573,,
tg,kq6g.0,13250,13373,JÄGER,18,auf,APPR,auf,7573,,
tg,kq6g.0,13250,13373,JÄGER,18,deiner,ADJA,dein,7573,,
tg,kq6g.0,13250,13373,JÄGER,18,Hut,NN,hut,7573,,
tg,kq6g.0,13250,13373,JÄGER,18,",","$,",--,7573,,
tg,kq6g.0,13250,13373,JÄGER,18,Denn,KON,denn,7573,,
tg,kq6g.0,13250,13373,JÄGER,18,diese,PDAT,dieser,7573,,
tg,kq6g.0,13250,13373,JÄGER,18,Schwäche,NN,schwäche,7573,,
tg,kq6g.0,13250,13373,JÄGER,18,muß,VMFIN,müssen,7573,,
tg,kq6g.0,13250,13373,JÄGER,18,man,PIS,man,7573,,
tg,kq6g.0,13250,13373,JÄGER,18,eingestehn,VVINF,eingestehn,7573,,
tg,kq6g.0,13250,13373,JÄGER,18,",","$,",--,7573,,
tg,kq6g.0,13250,13373,JÄGER,18,Der,ART,der,7573,,
tg,kq6g.0,13250,13373,JÄGER,18,Prinz,NN,prinz,7573,,
tg,kq6g.0,13250,13373,JÄGER,18,soll,VMFIN,sollen,7573,,
tg,kq6g.0,13250,13373,JÄGER,18,gern,ADV,gern,7573,,
tg,kq6g.0,13250,13373,JÄGER,18,nach,APPR,nach,7573,,
tg,kq6g.0,13250,13373,JÄGER,18,hübschen,ADJA,hübsch,7573,,
tg,kq6g.0,13250,13373,JÄGER,18,Dirnlein,NN,dirnlein,7573,,
tg,kq6g.0,13250,13373,JÄGER,18,sehn,CARD,sehn,7573,,
tg,kq6g.0,13250,13373,JÄGER,18,.,$.,--,7573,,
tg,kq6g.0,13379,13665,"Gabriele, seine Nichte, (Sopran)",2,Da,ADV,da,7573,,
tg,kq6g.0,13379,13665,"Gabriele, seine Nichte, (Sopran)",2,giebt's,VVFIN,giebt,7573,,
tg,kq6g.0,13379,13665,"Gabriele, seine Nichte, (Sopran)",2,wohl,ADV,wohl,7573,,
tg,kq6g.0,13379,13665,"Gabriele, seine Nichte, (Sopran)",2,andre,PIS,andre,7573,,
tg,kq6g.0,13379,13665,"Gabriele, seine Nichte, (Sopran)",2,",","$,",--,7573,,
tg,kq6g.0,13379,13665,"Gabriele, seine Nichte, (Sopran)",2,da,ADV,da,7573,,
tg,kq6g.0,13379,13665,"Gabriele, seine Nichte, (Sopran)",2,giebt's,VVFIN,giebt,7573,,
tg,kq6g.0,13379,13665,"Gabriele, seine Nichte, (Sopran)",2,wohl,ADV,wohl,7573,,
tg,kq6g.0,13379,13665,"Gabriele, seine Nichte, (Sopran)",2,andre,PIS,andren,7573,,
tg,kq6g.0,13379,13665,"Gabriele, seine Nichte, (Sopran)",2,.,$.,--,7573,,
tg,kq6g.0,13379,13665,"Gabriele, seine Nichte, (Sopran)",2,Ist,VAFIN,sein,7573,,
tg,kq6g.0,13379,13665,"Gabriele, seine Nichte, (Sopran)",2,er,PPER,er,7573,,
tg,kq6g.0,13379,13665,"Gabriele, seine Nichte, (Sopran)",2,auch,ADV,auch,7573,,
tg,kq6g.0,13379,13665,"Gabriele, seine Nichte, (Sopran)",2,gerecht,ADJD,gerecht,7573,,
tg,kq6g.0,13379,13665,"Gabriele, seine Nichte, (Sopran)",2,?,$.,--,7573,,
tg,kq6g.0,13379,13665,"Gabriele, seine Nichte, (Sopran)",2,Gilt,NE,gilt,7573,,
tg,kq6g.0,13379,13665,"Gabriele, seine Nichte, (Sopran)",2,gleich,ADV,gleich,7573,,
tg,kq6g.0,13379,13665,"Gabriele, seine Nichte, (Sopran)",2,vor,APPR,vor,7573,,
tg,kq6g.0,13379,13665,"Gabriele, seine Nichte, (Sopran)",2,ihm,PPER,ihm,7573,,
tg,kq6g.0,13379,13665,"Gabriele, seine Nichte, (Sopran)",2,der,ART,der,7573,,
tg,kq6g.0,13379,13665,"Gabriele, seine Nichte, (Sopran)",2,Ritter,NN,ritter,7573,,
tg,kq6g.0,13379,13665,"Gabriele, seine Nichte, (Sopran)",2,und,KON,und,7573,,
tg,kq6g.0,13379,13665,"Gabriele, seine Nichte, (Sopran)",2,der,ART,der,7573,,
tg,kq6g.0,13379,13665,"Gabriele, seine Nichte, (Sopran)",2,Knecht,NE,knecht,7573,,
tg,kq6g.0,13379,13665,"Gabriele, seine Nichte, (Sopran)",2,?,$.,--,7573,,
tg,kq6g.0,13379,13665,"Gabriele, seine Nichte, (Sopran)",2,Wird,VAFIN,werden,7573,,
tg,kq6g.0,13379,13665,"Gabriele, seine Nichte, (Sopran)",2,",","$,",--,7573,,
tg,kq6g.0,13379,13665,"Gabriele, seine Nichte, (Sopran)",2,wenn,KOUS,wenn,7573,,
tg,kq6g.0,13379,13665,"Gabriele, seine Nichte, (Sopran)",2,sie,PPER,sie,7573,,
tg,kq6g.0,13379,13665,"Gabriele, seine Nichte, (Sopran)",2,einst,ADV,einst,7573,,
tg,kq6g.0,13379,13665,"Gabriele, seine Nichte, (Sopran)",2,zur,APPRART,zu,7573,,
tg,kq6g.0,13379,13665,"Gabriele, seine Nichte, (Sopran)",2,Väter,NN,vater,7573,,
tg,kq6g.0,13379,13665,"Gabriele, seine Nichte, (Sopran)",2,Gruft,VVFIN,grufen,7573,,
tg,kq6g.0,13379,13665,"Gabriele, seine Nichte, (Sopran)",2,ihn,PPER,ihn,7573,,
tg,kq6g.0,13379,13665,"Gabriele, seine Nichte, (Sopran)",2,tragen,VVFIN,tragen,7573,,
tg,kq6g.0,13379,13665,"Gabriele, seine Nichte, (Sopran)",2,",","$,",--,7573,,
tg,kq6g.0,13379,13665,"Gabriele, seine Nichte, (Sopran)",2,Der,ART,der,7573,,
tg,kq6g.0,13379,13665,"Gabriele, seine Nichte, (Sopran)",2,Günstling,NN,günstling,7573,,
tg,kq6g.0,13379,13665,"Gabriele, seine Nichte, (Sopran)",2,nicht,PTKNEG,nicht,7573,,
tg,kq6g.0,13379,13665,"Gabriele, seine Nichte, (Sopran)",2,",","$,",--,7573,,
tg,kq6g.0,13379,13665,"Gabriele, seine Nichte, (Sopran)",2,doch,KON,doch,7573,,
tg,kq6g.0,13379,13665,"Gabriele, seine Nichte, (Sopran)",2,wohl,ADV,wohl,7573,,
tg,kq6g.0,13379,13665,"Gabriele, seine Nichte, (Sopran)",2,die,ART,der,7573,,
tg,kq6g.0,13379,13665,"Gabriele, seine Nichte, (Sopran)",2,Waise,NN,waise,7573,,
tg,kq6g.0,13379,13665,"Gabriele, seine Nichte, (Sopran)",2,klagen,VVINF,klagen,7573,,
tg,kq6g.0,13379,13665,"Gabriele, seine Nichte, (Sopran)",2,?,$.,--,7573,,
tg,kq6g.0,13379,13665,"Gabriele, seine Nichte, (Sopran)",2,Sprecht,VVIMP,sprecht,7573,,
tg,kq6g.0,13379,13665,"Gabriele, seine Nichte, (Sopran)",2,",","$,",--,7573,,
tg,kq6g.0,13379,13665,"Gabriele, seine Nichte, (Sopran)",2,lieber,ADV,lieber,7573,,
tg,kq6g.0,13379,13665,"Gabriele, seine Nichte, (Sopran)",2,Herr,NN,herr,7573,,
tg,kq6g.0,13379,13665,"Gabriele, seine Nichte, (Sopran)",2,"!",$.,--,7573,,
tg,kq6g.0,13379,13665,"Gabriele, seine Nichte, (Sopran)",2,sprecht,ADJD,sprecht,7573,,
tg,kq6g.0,13379,13665,"Gabriele, seine Nichte, (Sopran)",2,",","$,",--,7573,,
tg,kq6g.0,13379,13665,"Gabriele, seine Nichte, (Sopran)",2,lieber,ADV,lieber,7573,,
tg,kq6g.0,13379,13665,"Gabriele, seine Nichte, (Sopran)",2,Herr,NN,herr,7573,,
tg,kq6g.0,13379,13665,"Gabriele, seine Nichte, (Sopran)",2,"!",$.,--,7573,,
tg,kq6g.0,13671,13753,JÄGER,18,So,ADV,so,7573,,
tg,kq6g.0,13671,13753,JÄGER,18,viel,PIDAT,viel,7573,,
tg,kq6g.0,13671,13753,JÄGER,18,er,PPER,er,7573,,
tg,kq6g.0,13671,13753,JÄGER,18,weiß,VVFIN,weiß,7573,,
tg,kq6g.0,13671,13753,JÄGER,18,und,KON,und,7573,,
tg,kq6g.0,13671,13753,JÄGER,18,kann,VMFIN,können,7573,,
tg,kq6g.0,13671,13753,JÄGER,18,",","$,",--,7573,,
tg,kq6g.0,13671,13753,JÄGER,18,ich,PPER,ich,7573,JÄGER,18
tg,kq6g.0,13671,13753,JÄGER,18,glaube,VVFIN,glauben,7573,,
tg,kq6g.0,13671,13753,JÄGER,18,",","$,",--,7573,,
tg,kq6g.0,13671,13753,JÄGER,18,ja,ADV,ja,7573,,
tg,kq6g.0,13671,13753,JÄGER,18,"!",$.,--,7573,,
tg,kq6g.0,13759,13836,"Gabriele, seine Nichte, (Sopran)",2,Was,PWS,was,7573,,
tg,kq6g.0,13759,13836,"Gabriele, seine Nichte, (Sopran)",2,ist,VAFIN,sein,7573,,
tg,kq6g.0,13759,13836,"Gabriele, seine Nichte, (Sopran)",2,Euch,PPER,euch,7573,,
tg,kq6g.0,13759,13836,"Gabriele, seine Nichte, (Sopran)",2,",","$,",--,7573,,
tg,kq6g.0,13759,13836,"Gabriele, seine Nichte, (Sopran)",2,was,PWS,was,7573,,
tg,kq6g.0,13759,13836,"Gabriele, seine Nichte, (Sopran)",2,ist,VAFIN,sein,7573,,
tg,kq6g.0,13759,13836,"Gabriele, seine Nichte, (Sopran)",2,Euch,PPER,euch,7573,,
tg,kq6g.0,13759,13836,"Gabriele, seine Nichte, (Sopran)",2,",","$,",--,7573,,
tg,kq6g.0,13759,13836,"Gabriele, seine Nichte, (Sopran)",2,guter,ADJA,gut,7573,,
tg,kq6g.0,13759,13836,"Gabriele, seine Nichte, (Sopran)",2,Herr,NN,herr,7573,,
tg,kq6g.0,13759,13836,"Gabriele, seine Nichte, (Sopran)",2,?,$.,--,7573,,
tg,kq6g.0,13841,14053,JÄGER,18,Dein,PPOSAT,dein,7573,,
tg,kq6g.0,13841,14053,JÄGER,18,Blick,NN,blick,7573,,
tg,kq6g.0,13841,14053,JÄGER,18,",","$,",--,7573,,
tg,kq6g.0,13841,14053,JÄGER,18,mir,PPER,sich,7573,JÄGER,18
tg,kq6g.0,13841,14053,JÄGER,18,zugewendet,VVFIN,zuwenden,7573,,
tg,kq6g.0,13841,14053,JÄGER,18,",","$,",--,7573,,
tg,kq6g.0,13841,14053,JÄGER,18,War,VAFIN,sein,7573,,
tg,kq6g.0,13841,14053,JÄGER,18,Blitz,NE,blitz,7573,,
tg,kq6g.0,13841,14053,JÄGER,18,und,KON,und,7573,,
tg,kq6g.0,13841,14053,JÄGER,18,Schlag,NN,schlag,7573,,
tg,kq6g.0,13841,14053,JÄGER,18,zugleich,ADV,zugleich,7573,,
tg,kq6g.0,13841,14053,JÄGER,18,;,$.,--,7573,,
tg,kq6g.0,13841,14053,JÄGER,18,Mein,PPOSAT,mein,7573,,
tg,kq6g.0,13841,14053,JÄGER,18,Auge,NN,auge,7573,,
tg,kq6g.0,13841,14053,JÄGER,18,ist,VAFIN,sein,7573,,
tg,kq6g.0,13841,14053,JÄGER,18,geblendet,VVPP,blenden,7573,,
tg,kq6g.0,13841,14053,JÄGER,18,",","$,",--,7573,,
tg,kq6g.0,13841,14053,JÄGER,18,Hier,ADV,hier,7573,,
tg,kq6g.0,13841,14053,JÄGER,18,traf,VVFIN,treffen,7573,,
tg,kq6g.0,13841,14053,JÄGER,18,der,ART,der,7573,,
tg,kq6g.0,13841,14053,JÄGER,18,Feuerstreich,NN,feuerstreich,7573,,
tg,kq6g.0,13841,14053,JÄGER,18,.,$.,--,7573,,
tg,kq6g.0,14059,14229,"Gabriele, seine Nichte, (Sopran)",2,Mein,PPOSAT,mein,7573,,
tg,kq6g.0,14059,14229,"Gabriele, seine Nichte, (Sopran)",2,Blick,NN,blick,7573,,
tg,kq6g.0,14059,14229,"Gabriele, seine Nichte, (Sopran)",2,",","$,",--,7573,,
tg,kq6g.0,14059,14229,"Gabriele, seine Nichte, (Sopran)",2,Euch,PPER,euch,7573,,
tg,kq6g.0,14059,14229,"Gabriele, seine Nichte, (Sopran)",2,zugewendet,VVFIN,zuwenden,7573,,
tg,kq6g.0,14059,14229,"Gabriele, seine Nichte, (Sopran)",2,",","$,",--,7573,,
tg,kq6g.0,14059,14229,"Gabriele, seine Nichte, (Sopran)",2,Traf,NE,traf,7573,,
tg,kq6g.0,14059,14229,"Gabriele, seine Nichte, (Sopran)",2,nicht,PTKNEG,nicht,7573,,
tg,kq6g.0,14059,14229,"Gabriele, seine Nichte, (Sopran)",2,als,APPR,als,7573,,
tg,kq6g.0,14059,14229,"Gabriele, seine Nichte, (Sopran)",2,Feuerstreich,NN,feuerstreich,7573,,
tg,kq6g.0,14059,14229,"Gabriele, seine Nichte, (Sopran)",2,;,$.,--,7573,,
tg,kq6g.0,14059,14229,"Gabriele, seine Nichte, (Sopran)",2,Wenn,KOUS,wenn,7573,,
tg,kq6g.0,14059,14229,"Gabriele, seine Nichte, (Sopran)",2,Ihr,PPOSAT,ihr,7573,,
tg,kq6g.0,14059,14229,"Gabriele, seine Nichte, (Sopran)",2,den,ART,der,7573,,
tg,kq6g.0,14059,14229,"Gabriele, seine Nichte, (Sopran)",2,Scherz,NN,scherz,7573,,
tg,kq6g.0,14059,14229,"Gabriele, seine Nichte, (Sopran)",2,nicht,PTKNEG,nicht,7573,,
tg,kq6g.0,14059,14229,"Gabriele, seine Nichte, (Sopran)",2,endet,VVFIN,enden,7573,,
tg,kq6g.0,14059,14229,"Gabriele, seine Nichte, (Sopran)",2,",","$,",--,7573,,
tg,kq6g.0,14059,14229,"Gabriele, seine Nichte, (Sopran)",2,Entflieh,ADV,entflieh,7573,,
tg,kq6g.0,14059,14229,"Gabriele, seine Nichte, (Sopran)",2,',$[,--,7573,,
tg,kq6g.0,14059,14229,"Gabriele, seine Nichte, (Sopran)",2,ich,PPER,ich,7573,"Gabriele, seine Nichte, (Sopran)",2
tg,kq6g.0,14059,14229,"Gabriele, seine Nichte, (Sopran)",2,alsogleich,ADJD,alsogleich,7573,,
tg,kq6g.0,14059,14229,"Gabriele, seine Nichte, (Sopran)",2,"!",$.,--,7573,,
tg,kq6g.0,14236,14393,JÄGER,18,Dein,PPOSAT,dein,7573,,
tg,kq6g.0,14236,14393,JÄGER,18,Blick,NN,blick,7573,,
tg,kq6g.0,14236,14393,JÄGER,18,",","$,",--,7573,,
tg,kq6g.0,14236,14393,JÄGER,18,mir,PPER,sich,7573,JÄGER,18
tg,kq6g.0,14236,14393,JÄGER,18,zugewendet,VVFIN,zuwenden,7573,,
tg,kq6g.0,14236,14393,JÄGER,18,",","$,",--,7573,,
tg,kq6g.0,14236,14393,JÄGER,18,War,VAFIN,sein,7573,,
tg,kq6g.0,14236,14393,JÄGER,18,Blitz,NE,blitz,7573,,
tg,kq6g.0,14236,14393,JÄGER,18,und,KON,und,7573,,
tg,kq6g.0,14236,14393,JÄGER,18,Schlag,NN,schlag,7573,,
tg,kq6g.0,14236,14393,JÄGER,18,zugleich,ADV,zugleich,7573,,
tg,kq6g.0,14236,14393,JÄGER,18,;,$.,--,7573,,
tg,kq6g.0,14236,14393,JÄGER,18,Mein,PPOSAT,mein,7573,,
tg,kq6g.0,14236,14393,JÄGER,18,Auge,NN,auge,7573,,
tg,kq6g.0,14236,14393,JÄGER,18,ist,VAFIN,sein,7573,,
tg,kq6g.0,14236,14393,JÄGER,18,geblendet,VVPP,blenden,7573,,
tg,kq6g.0,14236,14393,JÄGER,18,",","$,",--,7573,,
tg,kq6g.0,14236,14393,JÄGER,18,Hier,ADV,hier,7573,,
tg,kq6g.0,14236,14393,JÄGER,18,traf,VVFIN,treffen,7573,,
tg,kq6g.0,14236,14393,JÄGER,18,der,ART,der,7573,,
tg,kq6g.0,14236,14393,JÄGER,18,Feuerstreich,NN,feuerstreich,7573,,
tg,kq6g.0,14236,14393,JÄGER,18,"!",$.,--,7573,,
tg,kq6g.0,14399,14589,"Gabriele, seine Nichte, (Sopran)",2,Euch,PPER,euch,7573,,
tg,kq6g.0,14399,14589,"Gabriele, seine Nichte, (Sopran)",2,zugewendet,VVFIN,zugewenden,7573,,
tg,kq6g.0,14399,14589,"Gabriele, seine Nichte, (Sopran)",2,",","$,",--,7573,,
tg,kq6g.0,14399,14589,"Gabriele, seine Nichte, (Sopran)",2,Traf,NE,traf,7573,,
tg,kq6g.0,14399,14589,"Gabriele, seine Nichte, (Sopran)",2,nicht,PTKNEG,nicht,7573,,
tg,kq6g.0,14399,14589,"Gabriele, seine Nichte, (Sopran)",2,als,APPR,als,7573,,
tg,kq6g.0,14399,14589,"Gabriele, seine Nichte, (Sopran)",2,Feuerstreich,NN,feuerstreich,7573,,
tg,kq6g.0,14399,14589,"Gabriele, seine Nichte, (Sopran)",2,;,$.,--,7573,,
tg,kq6g.0,14399,14589,"Gabriele, seine Nichte, (Sopran)",2,Wenn,KOUS,wenn,7573,,
tg,kq6g.0,14399,14589,"Gabriele, seine Nichte, (Sopran)",2,Ihr,PPOSAT,ihr,7573,,
tg,kq6g.0,14399,14589,"Gabriele, seine Nichte, (Sopran)",2,den,ART,der,7573,,
tg,kq6g.0,14399,14589,"Gabriele, seine Nichte, (Sopran)",2,Scherz,NN,scherz,7573,,
tg,kq6g.0,14399,14589,"Gabriele, seine Nichte, (Sopran)",2,nicht,PTKNEG,nicht,7573,,
tg,kq6g.0,14399,14589,"Gabriele, seine Nichte, (Sopran)",2,endet,VVFIN,enden,7573,,
tg,kq6g.0,14399,14589,"Gabriele, seine Nichte, (Sopran)",2,",","$,",--,7573,,
tg,kq6g.0,14399,14589,"Gabriele, seine Nichte, (Sopran)",2,Entflieh,ADV,entflieh,7573,,
tg,kq6g.0,14399,14589,"Gabriele, seine Nichte, (Sopran)",2,',$[,--,7573,,
tg,kq6g.0,14399,14589,"Gabriele, seine Nichte, (Sopran)",2,ich,PPER,ich,7573,"Gabriele, seine Nichte, (Sopran)",2
tg,kq6g.0,14399,14589,"Gabriele, seine Nichte, (Sopran)",2,alsogleich,ADJD,alsogleich,7573,,
tg,kq6g.0,14399,14589,"Gabriele, seine Nichte, (Sopran)",2,"!",$.,--,7573,,
tg,kq6g.0,14595,14729,JÄGER,18,Sei,VAIMP,sein,7573,,
tg,kq6g.0,14595,14729,JÄGER,18,gut,ADJD,gut,7573,,
tg,kq6g.0,14595,14729,JÄGER,18,",","$,",--,7573,,
tg,kq6g.0,14595,14729,JÄGER,18,mein,PPOSAT,mein,7573,JÄGER,18
tg,kq6g.0,14595,14729,JÄGER,18,Kind,NN,kind,7573,,
tg,kq6g.0,14595,14729,JÄGER,18,;,$.,--,7573,,
tg,kq6g.0,14595,14729,JÄGER,18,Jetzt,ADV,jetzt,7573,,
tg,kq6g.0,14595,14729,JÄGER,18,kommt,VVFIN,kommen,7573,,
tg,kq6g.0,14595,14729,JÄGER,18,die,ART,der,7573,,
tg,kq6g.0,14595,14729,JÄGER,18,Frag,NN,frag,7573,,
tg,kq6g.0,14595,14729,JÄGER,18,',$[,--,7573,,
tg,kq6g.0,14595,14729,JÄGER,18,an,APPR,an,7573,,
tg,kq6g.0,14595,14729,JÄGER,18,mich,PPER,mich,7573,JÄGER,18
tg,kq6g.0,14595,14729,JÄGER,18,.,$.,--,7573,,
tg,kq6g.0,14734,14763,"Gabriele, seine Nichte, (Sopran)",2,So,ADV,so,7573,,
tg,kq6g.0,14734,14763,"Gabriele, seine Nichte, (Sopran)",2,fragt,VVFIN,fragen,7573,,
tg,kq6g.0,14734,14763,"Gabriele, seine Nichte, (Sopran)",2,",","$,",--,7573,,
tg,kq6g.0,14734,14763,"Gabriele, seine Nichte, (Sopran)",2,so,ADV,so,7573,,
tg,kq6g.0,14734,14763,"Gabriele, seine Nichte, (Sopran)",2,fragt,VVFIN,fragen,7573,,
tg,kq6g.0,14734,14763,"Gabriele, seine Nichte, (Sopran)",2,.,$.,--,7573,,
tg,kq6g.0,14768,14877,JÄGER,18,Was,PWS,was,7573,,
tg,kq6g.0,14768,14877,JÄGER,18,suchst,VVFIN,suchen,7573,,
tg,kq6g.0,14768,14877,JÄGER,18,du,PPER,du,7573,,
tg,kq6g.0,14768,14877,JÄGER,18,denn,ADV,denn,7573,,
tg,kq6g.0,14768,14877,JÄGER,18,",","$,",--,7573,,
tg,kq6g.0,14768,14877,JÄGER,18,gesteh,ADV,gesteh,7573,,
tg,kq6g.0,14768,14877,JÄGER,18,',$[,--,7573,,
tg,kq6g.0,14768,14877,JÄGER,18,mir's,FM,mir's,7573,,
tg,kq6g.0,14768,14877,JÄGER,18,ein,PTKVZ,ein,7573,,
tg,kq6g.0,14768,14877,JÄGER,18,",","$,",--,7573,,
tg,kq6g.0,14768,14877,JÄGER,18,Beim,APPRART,bei,7573,,
tg,kq6g.0,14768,14877,JÄGER,18,Prinzregenten,NN,prinzregent,7573,,
tg,kq6g.0,14768,14877,JÄGER,18,?,$.,--,7573,,
tg,kq6g.0,14768,14877,JÄGER,18,Drückt,NE,drückt,7573,,
tg,kq6g.0,14768,14877,JÄGER,18,wohl,ADV,wohl,7573,,
tg,kq6g.0,14768,14877,JÄGER,18,ein,ART,ein,7573,,
tg,kq6g.0,14768,14877,JÄGER,18,Kummer,NN,kummer,7573,,
tg,kq6g.0,14768,14877,JÄGER,18,",","$,",--,7573,,
tg,kq6g.0,14768,14877,JÄGER,18,Ein,ART,ein,7573,,
tg,kq6g.0,14768,14877,JÄGER,18,Kummer,NN,kummer,7573,,
tg,kq6g.0,14768,14877,JÄGER,18,dich,PRF,dich,7573,,
tg,kq6g.0,14768,14877,JÄGER,18,?,$.,--,7573,,
tg,kq6g.0,14883,14995,"Gabriele, seine Nichte, (Sopran)",2,Gern,ADV,gern,7573,,
tg,kq6g.0,14883,14995,"Gabriele, seine Nichte, (Sopran)",2,sag,VVIMP,sag,7573,,
tg,kq6g.0,14883,14995,"Gabriele, seine Nichte, (Sopran)",2,',$[,--,7573,,
tg,kq6g.0,14883,14995,"Gabriele, seine Nichte, (Sopran)",2,ich's,PPER,ich's,7573,,
tg,kq6g.0,14883,14995,"Gabriele, seine Nichte, (Sopran)",2,nicht,PTKNEG,nicht,7573,,
tg,kq6g.0,14883,14995,"Gabriele, seine Nichte, (Sopran)",2,",","$,",--,7573,,
tg,kq6g.0,14883,14995,"Gabriele, seine Nichte, (Sopran)",2,doch,ADV,doch,7573,,
tg,kq6g.0,14883,14995,"Gabriele, seine Nichte, (Sopran)",2,muß,VMFIN,müssen,7573,,
tg,kq6g.0,14883,14995,"Gabriele, seine Nichte, (Sopran)",2,es,PPER,es,7573,,
tg,kq6g.0,14883,14995,"Gabriele, seine Nichte, (Sopran)",2,ja,ADV,ja,7573,,
tg,kq6g.0,14883,14995,"Gabriele, seine Nichte, (Sopran)",2,wohl,ADV,wohl,7573,,
tg,kq6g.0,14883,14995,"Gabriele, seine Nichte, (Sopran)",2,sein,VAINF,sein,7573,,
tg,kq6g.0,14883,14995,"Gabriele, seine Nichte, (Sopran)",2,.,$.,--,7573,,
tg,kq6g.0,14883,14995,"Gabriele, seine Nichte, (Sopran)",2,Habt,NE,haben,7573,,
tg,kq6g.0,14883,14995,"Gabriele, seine Nichte, (Sopran)",2,Ihr,PPOSAT,ihr,7573,,
tg,kq6g.0,14883,14995,"Gabriele, seine Nichte, (Sopran)",2,was,PWS,was,7573,,
tg,kq6g.0,14883,14995,"Gabriele, seine Nichte, (Sopran)",2,Liebes,NN,liebe,7573,,
tg,kq6g.0,14883,14995,"Gabriele, seine Nichte, (Sopran)",2,",","$,",--,7573,,
tg,kq6g.0,14883,14995,"Gabriele, seine Nichte, (Sopran)",2,guter,ADJA,gut,7573,,
tg,kq6g.0,14883,14995,"Gabriele, seine Nichte, (Sopran)",2,Herr,NN,herr,7573,,
tg,kq6g.0,14883,14995,"Gabriele, seine Nichte, (Sopran)",2,?,$.,--,7573,,
tg,kq6g.0,15000,15027,JÄGER,18,Ich,PPER,ich,7573,,
tg,kq6g.0,15000,15027,JÄGER,18,?,$.,--,7573,,
tg,kq6g.0,15000,15027,JÄGER,18,Nein,PTKANT,nein,7573,,
tg,kq6g.0,15000,15027,JÄGER,18,"!",$.,--,7573,,
tg,kq6g.0,15032,15073,"Gabriele, seine Nichte, (Sopran)",2,Ja,PTKANT,ja,7573,,
tg,kq6g.0,15032,15073,"Gabriele, seine Nichte, (Sopran)",2,freilich,ADV,freilich,7573,,
tg,kq6g.0,15032,15073,"Gabriele, seine Nichte, (Sopran)",2,",","$,",--,7573,,
tg,kq6g.0,15032,15073,"Gabriele, seine Nichte, (Sopran)",2,dann,ADV,dann,7573,,
tg,kq6g.0,15032,15073,"Gabriele, seine Nichte, (Sopran)",2,ist's,ADV,ist's,7573,,
tg,kq6g.0,15032,15073,"Gabriele, seine Nichte, (Sopran)",2,schwer,ADJD,schwer,7573,,
tg,kq6g.0,15032,15073,"Gabriele, seine Nichte, (Sopran)",2,.,$.,--,7573,,
tg,kq6g.0,15078,15123,JÄGER,18,Je,ADV,je,7573,,
tg,kq6g.0,15078,15123,JÄGER,18,nun,ADV,nun,7573,,
tg,kq6g.0,15078,15123,JÄGER,18,",","$,",--,7573,,
tg,kq6g.0,15078,15123,JÄGER,18,es,PPER,es,7573,,
tg,kq6g.0,15078,15123,JÄGER,18,kann,VMFIN,können,7573,,
tg,kq6g.0,15078,15123,JÄGER,18,sich,PRF,sich,7573,,
tg,kq6g.0,15078,15123,JÄGER,18,wohl,ADV,wohl,7573,,
tg,kq6g.0,15078,15123,JÄGER,18,noch,ADV,noch,7573,,
tg,kq6g.0,15078,15123,JÄGER,18,finden,VVINF,finden,7573,,
tg,kq6g.0,15078,15123,JÄGER,18,.,$.,--,7573,,
tg,kq6g.0,15128,15182,"Gabriele, seine Nichte, (Sopran)",2,Bei,APPR,bei,7573,,
tg,kq6g.0,15128,15182,"Gabriele, seine Nichte, (Sopran)",2,mir,PPER,sich,7573,"Gabriele, seine Nichte, (Sopran)",2
tg,kq6g.0,15128,15182,"Gabriele, seine Nichte, (Sopran)",2,ist's,ADV,ist,7573,,
tg,kq6g.0,15128,15182,"Gabriele, seine Nichte, (Sopran)",2,aber,ADV,aber,7573,,
tg,kq6g.0,15128,15182,"Gabriele, seine Nichte, (Sopran)",2,schon,ADV,schon,7573,,
tg,kq6g.0,15128,15182,"Gabriele, seine Nichte, (Sopran)",2,vorbei,ADV,vorbei,7573,,
tg,kq6g.0,15128,15182,"Gabriele, seine Nichte, (Sopran)",2,.,$.,--,7573,,
tg,kq6g.0,15187,15271,JÄGER,18,So,ADV,so,7573,,
tg,kq6g.0,15187,15271,JÄGER,18,laß,VVFIN,lassen,7573,,
tg,kq6g.0,15187,15271,JÄGER,18,mich,PPER,mich,7573,JÄGER,18
tg,kq6g.0,15187,15271,JÄGER,18,ganz,ADV,ganz,7573,,
tg,kq6g.0,15187,15271,JÄGER,18,dein,PPOSAT,dein,7573,,
tg,kq6g.0,15187,15271,JÄGER,18,Herz,NN,herz,7573,,
tg,kq6g.0,15187,15271,JÄGER,18,ergründen,VVINF,ergründen,7573,,
tg,kq6g.0,15187,15271,JÄGER,18,",","$,",--,7573,,
tg,kq6g.0,15187,15271,JÄGER,18,So,ADV,so,7573,,
tg,kq6g.0,15187,15271,JÄGER,18,laß,VVFIN,lassen,7573,,
tg,kq6g.0,15187,15271,JÄGER,18,mich,PPER,mich,7573,JÄGER,18
tg,kq6g.0,15187,15271,JÄGER,18,ganz,ADV,ganz,7573,,
tg,kq6g.0,15187,15271,JÄGER,18,dein,PPOSAT,dein,7573,,
tg,kq6g.0,15187,15271,JÄGER,18,Herz,NN,herz,7573,,
tg,kq6g.0,15187,15271,JÄGER,18,ergründen,VVINF,ergründen,7573,,
tg,kq6g.0,15187,15271,JÄGER,18,.,$.,--,7573,,
tg,kq6g.0,15277,15323,"Gabriele, seine Nichte, (Sopran)",2,Denkt,NE,denken,7573,,
tg,kq6g.0,15277,15323,"Gabriele, seine Nichte, (Sopran)",2,nur,ADV,nur,7573,,
tg,kq6g.0,15277,15323,"Gabriele, seine Nichte, (Sopran)",2,",","$,",--,7573,,
tg,kq6g.0,15277,15323,"Gabriele, seine Nichte, (Sopran)",2,ich,PPER,ich,7573,"Gabriele, seine Nichte, (Sopran)",2
tg,kq6g.0,15277,15323,"Gabriele, seine Nichte, (Sopran)",2,hab,VAFIN,hab,7573,,
tg,kq6g.0,15277,15323,"Gabriele, seine Nichte, (Sopran)",2,',$[,--,7573,,
tg,kq6g.0,15277,15323,"Gabriele, seine Nichte, (Sopran)",2,der,ART,der,7573,,
tg,kq6g.0,15277,15323,"Gabriele, seine Nichte, (Sopran)",2,Freier,NN,freier,7573,,
tg,kq6g.0,15277,15323,"Gabriele, seine Nichte, (Sopran)",2,zwei,CARD,zwei,7573,,
tg,kq6g.0,15277,15323,"Gabriele, seine Nichte, (Sopran)",2,.,$.,--,7573,,
tg,kq6g.0,15328,15345,JÄGER,18,Wie,PWAV,wie,7573,,
tg,kq6g.0,15328,15345,JÄGER,18,",","$,",--,7573,,
tg,kq6g.0,15328,15345,JÄGER,18,zwei,CARD,zwei,7573,,
tg,kq6g.0,15328,15345,JÄGER,18,?,$.,--,7573,,
tg,kq6g.0,15350,15406,"Gabriele, seine Nichte, (Sopran)",2,Doch,KON,doch,7573,,
tg,kq6g.0,15350,15406,"Gabriele, seine Nichte, (Sopran)",2,einen,ART,ein,7573,,
tg,kq6g.0,15350,15406,"Gabriele, seine Nichte, (Sopran)",2,lieb,FM,leiben,7573,,
tg,kq6g.0,15350,15406,"Gabriele, seine Nichte, (Sopran)",2,',$[,--,7573,,
tg,kq6g.0,15350,15406,"Gabriele, seine Nichte, (Sopran)",2,ich,PPER,ich,7573,"Gabriele, seine Nichte, (Sopran)",2
tg,kq6g.0,15350,15406,"Gabriele, seine Nichte, (Sopran)",2,nur,ADV,nur,7573,,
tg,kq6g.0,15350,15406,"Gabriele, seine Nichte, (Sopran)",2,",","$,",--,7573,,
tg,kq6g.0,15350,15406,"Gabriele, seine Nichte, (Sopran)",2,einen,ART,ein,7573,,
tg,kq6g.0,15350,15406,"Gabriele, seine Nichte, (Sopran)",2,lieb,CARD,leiben,7573,,
tg,kq6g.0,15350,15406,"Gabriele, seine Nichte, (Sopran)",2,',$[,--,7573,,
tg,kq6g.0,15350,15406,"Gabriele, seine Nichte, (Sopran)",2,ich,PPER,ich,7573,"Gabriele, seine Nichte, (Sopran)",2
tg,kq6g.0,15350,15406,"Gabriele, seine Nichte, (Sopran)",2,nur,ADV,nur,7573,,
tg,kq6g.0,15350,15406,"Gabriele, seine Nichte, (Sopran)",2,.,$.,--,7573,,
tg,kq6g.0,15411,15461,JÄGER,18,Ja,PTKANT,ja,7573,,
tg,kq6g.0,15411,15461,JÄGER,18,so,ADV,so,7573,,
tg,kq6g.0,15411,15461,JÄGER,18,",","$,",--,7573,,
tg,kq6g.0,15411,15461,JÄGER,18,ja,ADV,ja,7573,,
tg,kq6g.0,15411,15461,JÄGER,18,so,ADV,so,7573,,
tg,kq6g.0,15411,15461,JÄGER,18,",","$,",--,7573,,
tg,kq6g.0,15411,15461,JÄGER,18,jetzt,ADV,jetzt,7573,,
tg,kq6g.0,15411,15461,JÄGER,18,komm,ADJD,komm,7573,,
tg,kq6g.0,15411,15461,JÄGER,18,',$[,--,7573,,
tg,kq6g.0,15411,15461,JÄGER,18,ich,PPER,ich,7573,JÄGER,18
tg,kq6g.0,15411,15461,JÄGER,18,auf,APPR,auf,7573,,
tg,kq6g.0,15411,15461,JÄGER,18,die,ART,der,7573,,
tg,kq6g.0,15411,15461,JÄGER,18,Spur,NN,Spur,7573,,
tg,kq6g.0,15411,15461,JÄGER,18,"!",$.,--,7573,,
tg,kq6g.0,15466,15541,"Gabriele, seine Nichte, (Sopran)",2,Der,ART,der,7573,,
tg,kq6g.0,15466,15541,"Gabriele, seine Nichte, (Sopran)",2,Rechte,NN,rechte,7573,,
tg,kq6g.0,15466,15541,"Gabriele, seine Nichte, (Sopran)",2,ging,VVFIN,gehen,7573,,
tg,kq6g.0,15466,15541,"Gabriele, seine Nichte, (Sopran)",2,zum,APPRART,zu,7573,,
tg,kq6g.0,15466,15541,"Gabriele, seine Nichte, (Sopran)",2,Prinzregenten,NN,prinzregent,7573,,
tg,kq6g.0,15466,15541,"Gabriele, seine Nichte, (Sopran)",2,",","$,",--,7573,,
tg,kq6g.0,15466,15541,"Gabriele, seine Nichte, (Sopran)",2,Daß,KOUS,daß,7573,,
tg,kq6g.0,15466,15541,"Gabriele, seine Nichte, (Sopran)",2,er,PPER,er,7573,,
tg,kq6g.0,15466,15541,"Gabriele, seine Nichte, (Sopran)",2,beschütze,VVFIN,beschützen,7573,,
tg,kq6g.0,15466,15541,"Gabriele, seine Nichte, (Sopran)",2,unser,PPOSAT,unser,7573,,
tg,kq6g.0,15466,15541,"Gabriele, seine Nichte, (Sopran)",2,Band,NN,band,7573,,
tg,kq6g.0,15466,15541,"Gabriele, seine Nichte, (Sopran)",2,.,$.,--,7573,,
tg,kq6g.0,15547,15653,JÄGER,18,Was,PWS,was,7573,,
tg,kq6g.0,15547,15653,JÄGER,18,er,PPER,er,7573,,
tg,kq6g.0,15547,15653,JÄGER,18,begann,VVFIN,beginnen,7573,,
tg,kq6g.0,15547,15653,JÄGER,18,",","$,",--,7573,,
tg,kq6g.0,15547,15653,JÄGER,18,will,VMFIN,wollen,7573,,
tg,kq6g.0,15547,15653,JÄGER,18,ich,PPER,ich,7573,JÄGER,18
tg,kq6g.0,15547,15653,JÄGER,18,vollenden,VVFIN,vollenden,7573,,
tg,kq6g.0,15547,15653,JÄGER,18,",","$,",--,7573,,
tg,kq6g.0,15547,15653,JÄGER,18,Ich,PPER,ich,7573,,
tg,kq6g.0,15547,15653,JÄGER,18,schütze,VVFIN,schützen,7573,,
tg,kq6g.0,15547,15653,JÄGER,18,dich,PRF,dich,7573,,
tg,kq6g.0,15547,15653,JÄGER,18,",","$,",--,7573,,
tg,kq6g.0,15547,15653,JÄGER,18,hier,ADV,hier,7573,,
tg,kq6g.0,15547,15653,JÄGER,18,meine,PPOSAT,mein,7573,JÄGER,18
tg,kq6g.0,15547,15653,JÄGER,18,Hand,NN,hand,7573,,
tg,kq6g.0,15547,15653,JÄGER,18,"!",$.,--,7573,,
tg,kq6g.0,15659,15749,"Gabriele, seine Nichte, (Sopran)",2,Kennt,NE,kennen,7573,,
tg,kq6g.0,15659,15749,"Gabriele, seine Nichte, (Sopran)",2,Ihr,PPOSAT,ihr,7573,,
tg,kq6g.0,15659,15749,"Gabriele, seine Nichte, (Sopran)",2,den,ART,der,7573,,
tg,kq6g.0,15659,15749,"Gabriele, seine Nichte, (Sopran)",2,Prinzen,NN,prinz,7573,,
tg,kq6g.0,15659,15749,"Gabriele, seine Nichte, (Sopran)",2,so,ADV,so,7573,,
tg,kq6g.0,15659,15749,"Gabriele, seine Nichte, (Sopran)",2,genan,ADJD,genan,7573,,
tg,kq6g.0,15659,15749,"Gabriele, seine Nichte, (Sopran)",2,",","$,",--,7573,,
tg,kq6g.0,15659,15749,"Gabriele, seine Nichte, (Sopran)",2,Daß,KOUS,daß,7573,,
tg,kq6g.0,15659,15749,"Gabriele, seine Nichte, (Sopran)",2,ich,PPER,ich,7573,"Gabriele, seine Nichte, (Sopran)",2
tg,kq6g.0,15659,15749,"Gabriele, seine Nichte, (Sopran)",2,wohl,ADV,wohl,7573,,
tg,kq6g.0,15659,15749,"Gabriele, seine Nichte, (Sopran)",2,Eurem,ADJA,eurem,7573,,
tg,kq6g.0,15659,15749,"Gabriele, seine Nichte, (Sopran)",2,Wort,NN,wort,7573,,
tg,kq6g.0,15659,15749,"Gabriele, seine Nichte, (Sopran)",2,vertrau,VVFIN,vertrau,7573,,
tg,kq6g.0,15659,15749,"Gabriele, seine Nichte, (Sopran)",2,',$[,--,7573,,
tg,kq6g.0,15659,15749,"Gabriele, seine Nichte, (Sopran)",2,?,$.,--,7573,,
tg,kq6g.0,15755,16075,JÄGER,18,Mein,PPOSAT,mein,7573,,
tg,kq6g.0,15755,16075,JÄGER,18,liebes,ADJA,lieb,7573,,
tg,kq6g.0,15755,16075,JÄGER,18,Kind,NN,kind,7573,,
tg,kq6g.0,15755,16075,JÄGER,18,",","$,",--,7573,,
tg,kq6g.0,15755,16075,JÄGER,18,erheitre,ADJA,erheitren,7573,,
tg,kq6g.0,15755,16075,JÄGER,18,dich,PRF,dich,7573,,
tg,kq6g.0,15755,16075,JÄGER,18,",","$,",--,7573,,
tg,kq6g.0,15755,16075,JÄGER,18,Der,ART,der,7573,,
tg,kq6g.0,15755,16075,JÄGER,18,Prinz,NN,prinz,7573,,
tg,kq6g.0,15755,16075,JÄGER,18,thut,VVFIN,thut,7573,,
tg,kq6g.0,15755,16075,JÄGER,18,manches,PIAT,mancher,7573,,
tg,kq6g.0,15755,16075,JÄGER,18,gern,ADV,gern,7573,,
tg,kq6g.0,15755,16075,JÄGER,18,für,APPR,für,7573,,
tg,kq6g.0,15755,16075,JÄGER,18,mich,PPER,mich,7573,JÄGER,18
tg,kq6g.0,15755,16075,JÄGER,18,.,$.,--,7573,,
tg,kq6g.0,15755,16075,JÄGER,18,Erheitre,NE,erheitren,7573,,
tg,kq6g.0,15755,16075,JÄGER,18,dich,PRF,dich,7573,,
tg,kq6g.0,15755,16075,JÄGER,18,",","$,",--,7573,,
tg,kq6g.0,15755,16075,JÄGER,18,erheitre,ADJA,erheitren,7573,,
tg,kq6g.0,15755,16075,JÄGER,18,dich,PRF,dich,7573,,
tg,kq6g.0,15755,16075,JÄGER,18,"!",$.,--,7573,,
tg,kq6g.0,15755,16075,JÄGER,18,Ich,PPER,ich,7573,,
tg,kq6g.0,15755,16075,JÄGER,18,muß,VMFIN,müssen,7573,,
tg,kq6g.0,15755,16075,JÄGER,18,sie,PPER,sie,7573,,
tg,kq6g.0,15755,16075,JÄGER,18,einem,ART,ein,7573,,
tg,kq6g.0,15755,16075,JÄGER,18,andern,NN,anderer,7573,,
tg,kq6g.0,15755,16075,JÄGER,18,geben,VVINF,geben,7573,,
tg,kq6g.0,15755,16075,JÄGER,18,",","$,",--,7573,,
tg,kq6g.0,15755,16075,JÄGER,18,Mir,PPER,sich,7573,,
tg,kq6g.0,15755,16075,JÄGER,18,blühet,VVFIN,blühen,7573,,
tg,kq6g.0,15755,16075,JÄGER,18,diese,PDAT,dieser,7573,,
tg,kq6g.0,15755,16075,JÄGER,18,Rose,NN,rose,7573,,
tg,kq6g.0,15755,16075,JÄGER,18,nicht,PTKNEG,nicht,7573,,
tg,kq6g.0,15755,16075,JÄGER,18,;,$.,--,7573,,
tg,kq6g.0,15755,16075,JÄGER,18,Doch,KON,doch,7573,,
tg,kq6g.0,15755,16075,JÄGER,18,hebt,VVFIN,heben,7573,,
tg,kq6g.0,15755,16075,JÄGER,18,die,ART,der,7573,,
tg,kq6g.0,15755,16075,JÄGER,18,Brust,NN,brust,7573,,
tg,kq6g.0,15755,16075,JÄGER,18,ein,ART,ein,7573,,
tg,kq6g.0,15755,16075,JÄGER,18,süßes,ADJA,süß,7573,,
tg,kq6g.0,15755,16075,JÄGER,18,Beben,NN,beben,7573,,
tg,kq6g.0,15755,16075,JÄGER,18,",","$,",--,7573,,
tg,kq6g.0,15755,16075,JÄGER,18,Schau,NN,schau,7573,,
tg,kq6g.0,15755,16075,JÄGER,18,',$[,--,7573,,
tg,kq6g.0,15755,16075,JÄGER,18,ich,PPER,ich,7573,JÄGER,18
tg,kq6g.0,15755,16075,JÄGER,18,ihr,PPOSAT,ihr,7573,,
tg,kq6g.0,15755,16075,JÄGER,18,holdes,ADJA,hold,7573,,
tg,kq6g.0,15755,16075,JÄGER,18,Angesicht,NN,angesicht,7573,,
tg,kq6g.0,15755,16075,JÄGER,18,.,$.,--,7573,,
tg,kq6g.0,16082,16254,"Gabriele, seine Nichte, (Sopran)",2,Soll,VMFIN,sollen,7573,,
tg,kq6g.0,16082,16254,"Gabriele, seine Nichte, (Sopran)",2,ich,PPER,ich,7573,"Gabriele, seine Nichte, (Sopran)",2
tg,kq6g.0,16082,16254,"Gabriele, seine Nichte, (Sopran)",2,der,ART,der,7573,,
tg,kq6g.0,16082,16254,"Gabriele, seine Nichte, (Sopran)",2,Hoffnung,NN,hoffnung,7573,,
tg,kq6g.0,16082,16254,"Gabriele, seine Nichte, (Sopran)",2,hin,APZR,hin,7573,,
tg,kq6g.0,16082,16254,"Gabriele, seine Nichte, (Sopran)",2,mich,PRF,mich,7573,"Gabriele, seine Nichte, (Sopran)",2
tg,kq6g.0,16082,16254,"Gabriele, seine Nichte, (Sopran)",2,geben,VVINF,geben,7573,,
tg,kq6g.0,16082,16254,"Gabriele, seine Nichte, (Sopran)",2,?,$.,--,7573,,
tg,kq6g.0,16082,16254,"Gabriele, seine Nichte, (Sopran)",2,Die,ART,der,7573,,
tg,kq6g.0,16082,16254,"Gabriele, seine Nichte, (Sopran)",2,Wahrheit,NN,wahrheit,7573,,
tg,kq6g.0,16082,16254,"Gabriele, seine Nichte, (Sopran)",2,spricht,VVFIN,sprechen,7573,,
tg,kq6g.0,16082,16254,"Gabriele, seine Nichte, (Sopran)",2,sein,PPOSAT,sein,7573,,
tg,kq6g.0,16082,16254,"Gabriele, seine Nichte, (Sopran)",2,Angesicht,NN,angesicht,7573,,
tg,kq6g.0,16082,16254,"Gabriele, seine Nichte, (Sopran)",2,;,$.,--,7573,,
tg,kq6g.0,16082,16254,"Gabriele, seine Nichte, (Sopran)",2,Doch,KON,doch,7573,,
tg,kq6g.0,16082,16254,"Gabriele, seine Nichte, (Sopran)",2,hebt,VVFIN,heben,7573,,
tg,kq6g.0,16082,16254,"Gabriele, seine Nichte, (Sopran)",2,die,ART,der,7573,,
tg,kq6g.0,16082,16254,"Gabriele, seine Nichte, (Sopran)",2,Brust,NN,brust,7573,,
tg,kq6g.0,16082,16254,"Gabriele, seine Nichte, (Sopran)",2,ein,ART,ein,7573,,
tg,kq6g.0,16082,16254,"Gabriele, seine Nichte, (Sopran)",2,süßes,ADJA,süß,7573,,
tg,kq6g.0,16082,16254,"Gabriele, seine Nichte, (Sopran)",2,Beben,NN,beben,7573,,
tg,kq6g.0,16082,16254,"Gabriele, seine Nichte, (Sopran)",2,",","$,",--,7573,,
tg,kq6g.0,16082,16254,"Gabriele, seine Nichte, (Sopran)",2,Erfüllet,VVFIN,erfüllet,7573,,
tg,kq6g.0,16082,16254,"Gabriele, seine Nichte, (Sopran)",2,sich,PRF,sich,7573,,
tg,kq6g.0,16082,16254,"Gabriele, seine Nichte, (Sopran)",2,",","$,",--,7573,,
tg,kq6g.0,16082,16254,"Gabriele, seine Nichte, (Sopran)",2,was,PRELS,was,7573,,
tg,kq6g.0,16082,16254,"Gabriele, seine Nichte, (Sopran)",2,er,PPER,er,7573,,
tg,kq6g.0,16082,16254,"Gabriele, seine Nichte, (Sopran)",2,verspricht,VVFIN,versprechen,7573,,
tg,kq6g.0,16082,16254,"Gabriele, seine Nichte, (Sopran)",2,.,$.,--,7573,,
tg,kq6g.0,16261,16510,JÄGER,18,Ich,PPER,ich,7573,,
tg,kq6g.0,16261,16510,JÄGER,18,muß,VMFIN,müssen,7573,,
tg,kq6g.0,16261,16510,JÄGER,18,sie,PPER,sie,7573,,
tg,kq6g.0,16261,16510,JÄGER,18,einem,ART,ein,7573,,
tg,kq6g.0,16261,16510,JÄGER,18,andern,NN,anderer,7573,,
tg,kq6g.0,16261,16510,JÄGER,18,geben,VVINF,geben,7573,,
tg,kq6g.0,16261,16510,JÄGER,18,",","$,",--,7573,,
tg,kq6g.0,16261,16510,JÄGER,18,Mir,PPER,sich,7573,,
tg,kq6g.0,16261,16510,JÄGER,18,blühet,VVFIN,blühen,7573,,
tg,kq6g.0,16261,16510,JÄGER,18,diese,PDAT,dieser,7573,,
tg,kq6g.0,16261,16510,JÄGER,18,Rose,NN,rose,7573,,
tg,kq6g.0,16261,16510,JÄGER,18,nicht,PTKNEG,nicht,7573,,
tg,kq6g.0,16261,16510,JÄGER,18,;,$.,--,7573,,
tg,kq6g.0,16261,16510,JÄGER,18,Doch,KON,doch,7573,,
tg,kq6g.0,16261,16510,JÄGER,18,hebt,VVFIN,heben,7573,,
tg,kq6g.0,16261,16510,JÄGER,18,die,ART,der,7573,,
tg,kq6g.0,16261,16510,JÄGER,18,Brust,NN,brust,7573,,
tg,kq6g.0,16261,16510,JÄGER,18,ein,ART,ein,7573,,
tg,kq6g.0,16261,16510,JÄGER,18,süßes,ADJA,süß,7573,,
tg,kq6g.0,16261,16510,JÄGER,18,Beben,NN,beben,7573,,
tg,kq6g.0,16261,16510,JÄGER,18,",","$,",--,7573,,
tg,kq6g.0,16261,16510,JÄGER,18,Schau,NN,schau,7573,,
tg,kq6g.0,16261,16510,JÄGER,18,',$[,--,7573,,
tg,kq6g.0,16261,16510,JÄGER,18,ich,PPER,ich,7573,JÄGER,18
tg,kq6g.0,16261,16510,JÄGER,18,ihr,PPOSAT,ihr,7573,,
tg,kq6g.0,16261,16510,JÄGER,18,holdes,ADJA,hold,7573,,
tg,kq6g.0,16261,16510,JÄGER,18,Angesicht,NN,angesicht,7573,,
tg,kq6g.0,16261,16510,JÄGER,18,",","$,",--,7573,,
tg,kq6g.0,16261,16510,JÄGER,18,Schau,NN,schau,7573,,
tg,kq6g.0,16261,16510,JÄGER,18,',$[,--,7573,,
tg,kq6g.0,16261,16510,JÄGER,18,ich,PPER,ich,7573,JÄGER,18
tg,kq6g.0,16261,16510,JÄGER,18,ihr,PPOSAT,ihr,7573,,
tg,kq6g.0,16261,16510,JÄGER,18,holdes,ADJA,hold,7573,,
tg,kq6g.0,16261,16510,JÄGER,18,Angesicht,NN,angesicht,7573,,
tg,kq6g.0,16261,16510,JÄGER,18,.,$.,--,7573,,
tg,kq6g.0,16261,16510,JÄGER,18,Ich,PPER,ich,7573,,
tg,kq6g.0,16261,16510,JÄGER,18,muß,VMFIN,müssen,7573,,
tg,kq6g.0,16261,16510,JÄGER,18,sie,PPER,sie,7573,,
tg,kq6g.0,16261,16510,JÄGER,18,einem,ART,ein,7573,,
tg,kq6g.0,16261,16510,JÄGER,18,andern,NN,anderer,7573,,
tg,kq6g.0,16261,16510,JÄGER,18,geben,VVINF,geben,7573,,
tg,kq6g.0,16261,16510,JÄGER,18,",","$,",--,7573,,
tg,kq6g.0,16261,16510,JÄGER,18,Mir,PPER,sich,7573,,
tg,kq6g.0,16261,16510,JÄGER,18,blühet,VVFIN,blühen,7573,,
tg,kq6g.0,16261,16510,JÄGER,18,diese,PDAT,dieser,7573,,
tg,kq6g.0,16261,16510,JÄGER,18,Rose,NN,rose,7573,,
tg,kq6g.0,16261,16510,JÄGER,18,nicht,PTKNEG,nicht,7573,,
tg,kq6g.0,16261,16510,JÄGER,18,.,$.,--,7573,,
tg,kq6g.0,16516,16613,"Gabriele, seine Nichte, (Sopran)",2,Soll,VMFIN,sollen,7573,,
tg,kq6g.0,16516,16613,"Gabriele, seine Nichte, (Sopran)",2,ich,PPER,ich,7573,"Gabriele, seine Nichte, (Sopran)",2
tg,kq6g.0,16516,16613,"Gabriele, seine Nichte, (Sopran)",2,der,ART,der,7573,,
tg,kq6g.0,16516,16613,"Gabriele, seine Nichte, (Sopran)",2,Hoffnung,NN,hoffnung,7573,,
tg,kq6g.0,16516,16613,"Gabriele, seine Nichte, (Sopran)",2,hin,APZR,hin,7573,,
tg,kq6g.0,16516,16613,"Gabriele, seine Nichte, (Sopran)",2,mich,PRF,mich,7573,"Gabriele, seine Nichte, (Sopran)",2
tg,kq6g.0,16516,16613,"Gabriele, seine Nichte, (Sopran)",2,geben,VVINF,geben,7573,,
tg,kq6g.0,16516,16613,"Gabriele, seine Nichte, (Sopran)",2,?,$.,--,7573,,
tg,kq6g.0,16516,16613,"Gabriele, seine Nichte, (Sopran)",2,Die,ART,der,7573,,
tg,kq6g.0,16516,16613,"Gabriele, seine Nichte, (Sopran)",2,Wahrheit,NN,wahrheit,7573,,
tg,kq6g.0,16516,16613,"Gabriele, seine Nichte, (Sopran)",2,spricht,VVFIN,sprechen,7573,,
tg,kq6g.0,16516,16613,"Gabriele, seine Nichte, (Sopran)",2,sein,PPOSAT,sein,7573,,
tg,kq6g.0,16516,16613,"Gabriele, seine Nichte, (Sopran)",2,Angesicht,NN,angesicht,7573,,
tg,kq6g.0,16516,16613,"Gabriele, seine Nichte, (Sopran)",2,.,$.,--,7573,,
tg,kq6g.0,16619,16708,JÄGER,18,Doch,KON,doch,7573,,
tg,kq6g.0,16619,16708,JÄGER,18,hebt,VVFIN,heben,7573,,
tg,kq6g.0,16619,16708,JÄGER,18,die,ART,der,7573,,
tg,kq6g.0,16619,16708,JÄGER,18,Brust,NN,brust,7573,,
tg,kq6g.0,16619,16708,JÄGER,18,ein,ART,ein,7573,,
tg,kq6g.0,16619,16708,JÄGER,18,süßes,ADJA,süß,7573,,
tg,kq6g.0,16619,16708,JÄGER,18,Beben,NN,beben,7573,,
tg,kq6g.0,16619,16708,JÄGER,18,",","$,",--,7573,,
tg,kq6g.0,16619,16708,JÄGER,18,Schau,NN,schau,7573,,
tg,kq6g.0,16619,16708,JÄGER,18,',$[,--,7573,,
tg,kq6g.0,16619,16708,JÄGER,18,ich,PPER,ich,7573,JÄGER,18
tg,kq6g.0,16619,16708,JÄGER,18,ihr,PPOSAT,ihr,7573,,
tg,kq6g.0,16619,16708,JÄGER,18,holdes,ADJA,hold,7573,,
tg,kq6g.0,16619,16708,JÄGER,18,Angesicht,NN,angesicht,7573,,
tg,kq6g.0,16619,16708,JÄGER,18,.,$.,--,7573,,
tg,kq6g.0,16714,16807,"Gabriele, seine Nichte, (Sopran)",2,Es,PPER,es,7573,,
tg,kq6g.0,16714,16807,"Gabriele, seine Nichte, (Sopran)",2,hebt,VVFIN,heben,7573,,
tg,kq6g.0,16714,16807,"Gabriele, seine Nichte, (Sopran)",2,die,ART,der,7573,,
tg,kq6g.0,16714,16807,"Gabriele, seine Nichte, (Sopran)",2,Brust,NN,brust,7573,,
tg,kq6g.0,16714,16807,"Gabriele, seine Nichte, (Sopran)",2,ein,ART,ein,7573,,
tg,kq6g.0,16714,16807,"Gabriele, seine Nichte, (Sopran)",2,süßes,ADJA,süß,7573,,
tg,kq6g.0,16714,16807,"Gabriele, seine Nichte, (Sopran)",2,Beben,NN,beben,7573,,
tg,kq6g.0,16714,16807,"Gabriele, seine Nichte, (Sopran)",2,",","$,",--,7573,,
tg,kq6g.0,16714,16807,"Gabriele, seine Nichte, (Sopran)",2,Erfüllet,VVFIN,erfüllet,7573,,
tg,kq6g.0,16714,16807,"Gabriele, seine Nichte, (Sopran)",2,sich,PRF,sich,7573,,
tg,kq6g.0,16714,16807,"Gabriele, seine Nichte, (Sopran)",2,",","$,",--,7573,,
tg,kq6g.0,16714,16807,"Gabriele, seine Nichte, (Sopran)",2,was,PRELS,was,7573,,
tg,kq6g.0,16714,16807,"Gabriele, seine Nichte, (Sopran)",2,er,PPER,er,7573,,
tg,kq6g.0,16714,16807,"Gabriele, seine Nichte, (Sopran)",2,verspricht,VVFIN,versprechen,7573,,
tg,kq6g.0,16714,16807,"Gabriele, seine Nichte, (Sopran)",2,.,$.,--,7573,,
tg,kq6g.0,16814,16998,JÄGER,18,Doch,KON,doch,7573,,
tg,kq6g.0,16814,16998,JÄGER,18,hebt,VVFIN,heben,7573,,
tg,kq6g.0,16814,16998,JÄGER,18,die,ART,der,7573,,
tg,kq6g.0,16814,16998,JÄGER,18,Brust,NN,brust,7573,,
tg,kq6g.0,16814,16998,JÄGER,18,ein,ART,ein,7573,,
tg,kq6g.0,16814,16998,JÄGER,18,süßes,ADJA,süß,7573,,
tg,kq6g.0,16814,16998,JÄGER,18,Beben,NN,beben,7573,,
tg,kq6g.0,16814,16998,JÄGER,18,",","$,",--,7573,,
tg,kq6g.0,16814,16998,JÄGER,18,Schau,NN,schau,7573,,
tg,kq6g.0,16814,16998,JÄGER,18,',$[,--,7573,,
tg,kq6g.0,16814,16998,JÄGER,18,ich,PPER,ich,7573,JÄGER,18
tg,kq6g.0,16814,16998,JÄGER,18,ihr,PPOSAT,ihr,7573,,
tg,kq6g.0,16814,16998,JÄGER,18,holdes,ADJA,hold,7573,,
tg,kq6g.0,16814,16998,JÄGER,18,Angesicht,NN,angesicht,7573,,
tg,kq6g.0,16814,16998,JÄGER,18,.,$.,--,7573,,
tg,kq6g.0,16814,16998,JÄGER,18,Mir,PPER,sich,7573,,
tg,kq6g.0,16814,16998,JÄGER,18,blühet,VVFIN,blühen,7573,,
tg,kq6g.0,16814,16998,JÄGER,18,diese,PDAT,dieser,7573,,
tg,kq6g.0,16814,16998,JÄGER,18,Rose,NN,rose,7573,,
tg,kq6g.0,16814,16998,JÄGER,18,nicht,PTKNEG,nicht,7573,,
tg,kq6g.0,16814,16998,JÄGER,18,",","$,",--,7573,,
tg,kq6g.0,16814,16998,JÄGER,18,mir,PPER,sich,7573,JÄGER,18
tg,kq6g.0,16814,16998,JÄGER,18,blühet,VVFIN,blühen,7573,,
tg,kq6g.0,16814,16998,JÄGER,18,diese,PDAT,dieser,7573,,
tg,kq6g.0,16814,16998,JÄGER,18,Rose,NN,rose,7573,,
tg,kq6g.0,16814,16998,JÄGER,18,nicht,PTKNEG,nicht,7573,,
tg,kq6g.0,16814,16998,JÄGER,18,.,$.,--,7573,,
tg,kq6g.0,17004,17116,"Gabriele, seine Nichte, (Sopran)",2,Warum,PWAV,warum,7573,,
tg,kq6g.0,17004,17116,"Gabriele, seine Nichte, (Sopran)",2,so,ADV,so,7573,,
tg,kq6g.0,17004,17116,"Gabriele, seine Nichte, (Sopran)",2,traurig,ADJD,traurig,7573,,
tg,kq6g.0,17004,17116,"Gabriele, seine Nichte, (Sopran)",2,",","$,",--,7573,,
tg,kq6g.0,17004,17116,"Gabriele, seine Nichte, (Sopran)",2,lieber,ADV,lieber,7573,,
tg,kq6g.0,17004,17116,"Gabriele, seine Nichte, (Sopran)",2,Herr,NN,herr,7573,,
tg,kq6g.0,17004,17116,"Gabriele, seine Nichte, (Sopran)",2,?,$.,--,7573,,
tg,kq6g.0,17004,17116,"Gabriele, seine Nichte, (Sopran)",2,Was,PWS,was,7573,,
tg,kq6g.0,17004,17116,"Gabriele, seine Nichte, (Sopran)",2,Ihr,PPOSAT,ihr,7573,,
tg,kq6g.0,17004,17116,"Gabriele, seine Nichte, (Sopran)",2,verspracht,VVPP,vepringen,7573,,
tg,kq6g.0,17004,17116,"Gabriele, seine Nichte, (Sopran)",2,",","$,",--,7573,,
tg,kq6g.0,17004,17116,"Gabriele, seine Nichte, (Sopran)",2,fällt,VVFIN,fallen,7573,,
tg,kq6g.0,17004,17116,"Gabriele, seine Nichte, (Sopran)",2,Euch,PPER,euch,7573,,
tg,kq6g.0,17004,17116,"Gabriele, seine Nichte, (Sopran)",2,wohl,ADV,wohl,7573,,
tg,kq6g.0,17004,17116,"Gabriele, seine Nichte, (Sopran)",2,schwer,ADJD,schwer,7573,,
tg,kq6g.0,17004,17116,"Gabriele, seine Nichte, (Sopran)",2,?,$.,--,7573,,
tg,kq6g.0,17122,17341,JÄGER,18,Dein,PPOSAT,dein,7573,,
tg,kq6g.0,17122,17341,JÄGER,18,Blick,NN,blick,7573,,
tg,kq6g.0,17122,17341,JÄGER,18,",","$,",--,7573,,
tg,kq6g.0,17122,17341,JÄGER,18,mir,PPER,sich,7573,JÄGER,18
tg,kq6g.0,17122,17341,JÄGER,18,zugewendet,VVFIN,zuwenden,7573,,
tg,kq6g.0,17122,17341,JÄGER,18,",","$,",--,7573,,
tg,kq6g.0,17122,17341,JÄGER,18,War,VAFIN,sein,7573,,
tg,kq6g.0,17122,17341,JÄGER,18,Blitz,NE,blitz,7573,,
tg,kq6g.0,17122,17341,JÄGER,18,und,KON,und,7573,,
tg,kq6g.0,17122,17341,JÄGER,18,Schlag,NN,schlag,7573,,
tg,kq6g.0,17122,17341,JÄGER,18,zugleich,ADV,zugleich,7573,,
tg,kq6g.0,17122,17341,JÄGER,18,;,$.,--,7573,,
tg,kq6g.0,17122,17341,JÄGER,18,Mein,PPOSAT,mein,7573,,
tg,kq6g.0,17122,17341,JÄGER,18,Auge,NN,auge,7573,,
tg,kq6g.0,17122,17341,JÄGER,18,ist,VAFIN,sein,7573,,
tg,kq6g.0,17122,17341,JÄGER,18,geblendet,VVPP,blenden,7573,,
tg,kq6g.0,17122,17341,JÄGER,18,",","$,",--,7573,,
tg,kq6g.0,17122,17341,JÄGER,18,Hier,ADV,hier,7573,,
tg,kq6g.0,17122,17341,JÄGER,18,traf,VVFIN,treffen,7573,,
tg,kq6g.0,17122,17341,JÄGER,18,der,ART,der,7573,,
tg,kq6g.0,17122,17341,JÄGER,18,Feuerstreich,NN,feuerstreich,7573,,
tg,kq6g.0,17122,17341,JÄGER,18,"!",$.,--,7573,,
tg,kq6g.0,17347,17517,"Gabriele, seine Nichte, (Sopran)",2,Mein,PPOSAT,mein,7573,,
tg,kq6g.0,17347,17517,"Gabriele, seine Nichte, (Sopran)",2,Blick,NN,blick,7573,,
tg,kq6g.0,17347,17517,"Gabriele, seine Nichte, (Sopran)",2,",","$,",--,7573,,
tg,kq6g.0,17347,17517,"Gabriele, seine Nichte, (Sopran)",2,Euch,PPER,euch,7573,,
tg,kq6g.0,17347,17517,"Gabriele, seine Nichte, (Sopran)",2,zugewendet,VVFIN,zuwenden,7573,,
tg,kq6g.0,17347,17517,"Gabriele, seine Nichte, (Sopran)",2,",","$,",--,7573,,
tg,kq6g.0,17347,17517,"Gabriele, seine Nichte, (Sopran)",2,Traf,NE,traf,7573,,
tg,kq6g.0,17347,17517,"Gabriele, seine Nichte, (Sopran)",2,nicht,PTKNEG,nicht,7573,,
tg,kq6g.0,17347,17517,"Gabriele, seine Nichte, (Sopran)",2,als,APPR,als,7573,,
tg,kq6g.0,17347,17517,"Gabriele, seine Nichte, (Sopran)",2,Feuerstreich,NN,feuerstreich,7573,,
tg,kq6g.0,17347,17517,"Gabriele, seine Nichte, (Sopran)",2,;,$.,--,7573,,
tg,kq6g.0,17347,17517,"Gabriele, seine Nichte, (Sopran)",2,Wenn,KOUS,wenn,7573,,
tg,kq6g.0,17347,17517,"Gabriele, seine Nichte, (Sopran)",2,Ihr,PPOSAT,ihr,7573,,
tg,kq6g.0,17347,17517,"Gabriele, seine Nichte, (Sopran)",2,den,ART,der,7573,,
tg,kq6g.0,17347,17517,"Gabriele, seine Nichte, (Sopran)",2,Scherz,NN,scherz,7573,,
tg,kq6g.0,17347,17517,"Gabriele, seine Nichte, (Sopran)",2,nicht,PTKNEG,nicht,7573,,
tg,kq6g.0,17347,17517,"Gabriele, seine Nichte, (Sopran)",2,endet,VVFIN,enden,7573,,
tg,kq6g.0,17347,17517,"Gabriele, seine Nichte, (Sopran)",2,",","$,",--,7573,,
tg,kq6g.0,17347,17517,"Gabriele, seine Nichte, (Sopran)",2,Entflieh,ADV,entflieh,7573,,
tg,kq6g.0,17347,17517,"Gabriele, seine Nichte, (Sopran)",2,',$[,--,7573,,
tg,kq6g.0,17347,17517,"Gabriele, seine Nichte, (Sopran)",2,ich,PPER,ich,7573,"Gabriele, seine Nichte, (Sopran)",2
tg,kq6g.0,17347,17517,"Gabriele, seine Nichte, (Sopran)",2,alsogleich,ADJD,alsogleich,7573,,
tg,kq6g.0,17347,17517,"Gabriele, seine Nichte, (Sopran)",2,.,$.,--,7573,,
tg,kq6g.0,17524,17668,JÄGER,18,Dein,PPOSAT,dein,7573,,
tg,kq6g.0,17524,17668,JÄGER,18,Blick,NN,blick,7573,,
tg,kq6g.0,17524,17668,JÄGER,18,",","$,",--,7573,,
tg,kq6g.0,17524,17668,JÄGER,18,mir,PPER,sich,7573,JÄGER,18
tg,kq6g.0,17524,17668,JÄGER,18,zugewendet,VVFIN,zuwenden,7573,,
tg,kq6g.0,17524,17668,JÄGER,18,",","$,",--,7573,,
tg,kq6g.0,17524,17668,JÄGER,18,War,VAFIN,sein,7573,,
tg,kq6g.0,17524,17668,JÄGER,18,Blitz,NE,blitz,7573,,
tg,kq6g.0,17524,17668,JÄGER,18,und,KON,und,7573,,
tg,kq6g.0,17524,17668,JÄGER,18,Schlag,NN,schlag,7573,,
tg,kq6g.0,17524,17668,JÄGER,18,zugleich,ADV,zugleich,7573,,
tg,kq6g.0,17524,17668,JÄGER,18,;,$.,--,7573,,
tg,kq6g.0,17524,17668,JÄGER,18,Mein,PPOSAT,mein,7573,,
tg,kq6g.0,17524,17668,JÄGER,18,Auge,NN,auge,7573,,
tg,kq6g.0,17524,17668,JÄGER,18,ist,VAFIN,sein,7573,,
tg,kq6g.0,17524,17668,JÄGER,18,geblendet,VVPP,blenden,7573,,
tg,kq6g.0,17524,17668,JÄGER,18,",","$,",--,7573,,
tg,kq6g.0,17524,17668,JÄGER,18,Hier,ADV,hier,7573,,
tg,kq6g.0,17524,17668,JÄGER,18,traf,VVFIN,treffen,7573,,
tg,kq6g.0,17524,17668,JÄGER,18,der,ART,der,7573,,
tg,kq6g.0,17524,17668,JÄGER,18,Feuerstreich,NN,feuerstreich,7573,,
tg,kq6g.0,17524,17668,JÄGER,18,.,$.,--,7573,,
tg,kq6g.0,17675,18025,"Gabriele, seine Nichte, (Sopran)",2,Mein,PPOSAT,mein,7573,,
tg,kq6g.0,17675,18025,"Gabriele, seine Nichte, (Sopran)",2,Blick,NN,blick,7573,,
tg,kq6g.0,17675,18025,"Gabriele, seine Nichte, (Sopran)",2,",","$,",--,7573,,
tg,kq6g.0,17675,18025,"Gabriele, seine Nichte, (Sopran)",2,Euch,PPER,euch,7573,,
tg,kq6g.0,17675,18025,"Gabriele, seine Nichte, (Sopran)",2,zugewendet,VVFIN,zuwenden,7573,,
tg,kq6g.0,17675,18025,"Gabriele, seine Nichte, (Sopran)",2,",","$,",--,7573,,
tg,kq6g.0,17675,18025,"Gabriele, seine Nichte, (Sopran)",2,Traf,NE,traf,7573,,
tg,kq6g.0,17675,18025,"Gabriele, seine Nichte, (Sopran)",2,nicht,PTKNEG,nicht,7573,,
tg,kq6g.0,17675,18025,"Gabriele, seine Nichte, (Sopran)",2,als,APPR,als,7573,,
tg,kq6g.0,17675,18025,"Gabriele, seine Nichte, (Sopran)",2,Feuerstreich,NN,feuerstreich,7573,,
tg,kq6g.0,17675,18025,"Gabriele, seine Nichte, (Sopran)",2,;,$.,--,7573,,
tg,kq6g.0,17675,18025,"Gabriele, seine Nichte, (Sopran)",2,Wenn,KOUS,wenn,7573,,
tg,kq6g.0,17675,18025,"Gabriele, seine Nichte, (Sopran)",2,Ihr,PPOSAT,ihr,7573,,
tg,kq6g.0,17675,18025,"Gabriele, seine Nichte, (Sopran)",2,den,ART,der,7573,,
tg,kq6g.0,17675,18025,"Gabriele, seine Nichte, (Sopran)",2,Scherz,NN,scherz,7573,,
tg,kq6g.0,17675,18025,"Gabriele, seine Nichte, (Sopran)",2,nicht,PTKNEG,nicht,7573,,
tg,kq6g.0,17675,18025,"Gabriele, seine Nichte, (Sopran)",2,endet,VVFIN,enden,7573,,
tg,kq6g.0,17675,18025,"Gabriele, seine Nichte, (Sopran)",2,",","$,",--,7573,,
tg,kq6g.0,17675,18025,"Gabriele, seine Nichte, (Sopran)",2,Entflieh,ADV,entflieh,7573,,
tg,kq6g.0,17675,18025,"Gabriele, seine Nichte, (Sopran)",2,',$[,--,7573,,
tg,kq6g.0,17675,18025,"Gabriele, seine Nichte, (Sopran)",2,ich,PPER,ich,7573,"Gabriele, seine Nichte, (Sopran)",2
tg,kq6g.0,17675,18025,"Gabriele, seine Nichte, (Sopran)",2,alsogleich,ADJD,alsogleich,7573,,
tg,kq6g.0,17675,18025,"Gabriele, seine Nichte, (Sopran)",2,.,$.,--,7573,,
tg,kq6g.0,18178,18221,"Vasco, (Baß)",3,Hinweg,NE,hinweg,7573,,
tg,kq6g.0,18178,18221,"Vasco, (Baß)",3,"!",$.,--,7573,,
tg,kq6g.0,18226,18287,JÄGER,18,Verwegner,NN,verwegner,7573,,
tg,kq6g.0,18226,18287,JÄGER,18,",","$,",--,7573,,
tg,kq6g.0,18226,18287,JÄGER,18,kannst,VMFIN,können,7573,,
tg,kq6g.0,18226,18287,JÄGER,18,du,PPER,du,7573,,
tg,kq6g.0,18226,18287,JÄGER,18,dich,PRF,dich,7573,,
tg,kq6g.0,18226,18287,JÄGER,18,erfrechen,VVFIN,erfrechen,7573,,
tg,kq6g.0,18226,18287,JÄGER,18,?,$.,--,7573,,
tg,kq6g.0,18292,18324,"Vasco, (Baß)",3,Erfrechen,NN,erfrechen,7573,,
tg,kq6g.0,18292,18324,"Vasco, (Baß)",3,?,$.,--,7573,,
tg,kq6g.0,18292,18324,"Vasco, (Baß)",3,Ha,NN,ha,7573,,
tg,kq6g.0,18292,18324,"Vasco, (Baß)",3,"!",$.,--,7573,,
tg,kq6g.0,18329,18398,PEDRO UND AMBROSIO,14,Wißt,NE,wißen,7573,,
tg,kq6g.0,18329,18398,PEDRO UND AMBROSIO,14,",","$,",--,7573,,
tg,kq6g.0,18329,18398,PEDRO UND AMBROSIO,14,das,PDS,der,7573,,
tg,kq6g.0,18329,18398,PEDRO UND AMBROSIO,14,ist,VAFIN,sein,7573,,
tg,kq6g.0,18329,18398,PEDRO UND AMBROSIO,14,seine,PPOSAT,sein,7573,,
tg,kq6g.0,18329,18398,PEDRO UND AMBROSIO,14,Braut,NN,braut,7573,,
tg,kq6g.0,18329,18398,PEDRO UND AMBROSIO,14,"!",$.,--,7573,,
tg,kq6g.0,18403,18457,DIE DREI HIRTEN,17,So,ADV,so,7573,,
tg,kq6g.0,18403,18457,DIE DREI HIRTEN,17,was,PWS,was,7573,,
tg,kq6g.0,18403,18457,DIE DREI HIRTEN,17,weiß,VVFIN,weiß,7573,,
tg,kq6g.0,18403,18457,DIE DREI HIRTEN,17,man,PIS,man,7573,,
tg,kq6g.0,18403,18457,DIE DREI HIRTEN,17,in,APPR,in,7573,,
tg,kq6g.0,18403,18457,DIE DREI HIRTEN,17,Spanien,NE,spanien,7573,,
tg,kq6g.0,18403,18457,DIE DREI HIRTEN,17,zu,APPR,zu,7573,,
tg,kq6g.0,18403,18457,DIE DREI HIRTEN,17,rächen,ADJA,rächen,7573,,
tg,kq6g.0,18403,18457,DIE DREI HIRTEN,17,"!",$.,--,7573,,
tg,kq6g.0,18462,18558,JÄGER,18,Ist,VAFIN,sein,7573,,
tg,kq6g.0,18462,18558,JÄGER,18,das,PDS,der,7573,,
tg,kq6g.0,18462,18558,JÄGER,18,der,ART,der,7573,,
tg,kq6g.0,18462,18558,JÄGER,18,Rechte,NN,recht,7573,,
tg,kq6g.0,18462,18558,JÄGER,18,?,$.,--,7573,,
tg,kq6g.0,18564,18594,"Vasco, (Baß)",3,Was,PWS,was,7573,,
tg,kq6g.0,18564,18594,"Vasco, (Baß)",3,"!",$.,--,7573,,
tg,kq6g.0,18564,18594,"Vasco, (Baß)",3,Schon,ADV,schon,7573,,
tg,kq6g.0,18564,18594,"Vasco, (Baß)",3,so,ADV,so,7573,,
tg,kq6g.0,18564,18594,"Vasco, (Baß)",3,vertraut,ADJD,vertraut,7573,,
tg,kq6g.0,18564,18594,"Vasco, (Baß)",3,?,$.,--,7573,,
tg,kq6g.0,18599,18630,"Pedro, (Baß), Hirten",4,Leid's,NE,leid's,7573,,
tg,kq6g.0,18599,18630,"Pedro, (Baß), Hirten",4,nicht,PTKNEG,nicht,7573,,
tg,kq6g.0,18599,18630,"Pedro, (Baß), Hirten",4,"!",$.,--,7573,,
tg,kq6g.0,18635,18715,"Vasco, (Baß)",3,Ihr,PPOSAT,ihr,7573,,
tg,kq6g.0,18635,18715,"Vasco, (Baß)",3,wollt,NN,wollen,7573,,
tg,kq6g.0,18635,18715,"Vasco, (Baß)",3,vor,APPR,vor,7573,,
tg,kq6g.0,18635,18715,"Vasco, (Baß)",3,mir,PPER,sich,7573,"Vasco, (Baß)",3
tg,kq6g.0,18635,18715,"Vasco, (Baß)",3,durch,APPR,durch,7573,,
tg,kq6g.0,18635,18715,"Vasco, (Baß)",3,Zeichen,NN,zeichen,7573,,
tg,kq6g.0,18635,18715,"Vasco, (Baß)",3,sprechen,VVINF,sprechen,7573,,
tg,kq6g.0,18635,18715,"Vasco, (Baß)",3,?,$.,--,7573,,
tg,kq6g.0,18720,18809,"Ambrosio, ein alter Hirt, (Baß)",1,Hinein,NE,hinein,7573,,
tg,kq6g.0,18720,18809,"Ambrosio, ein alter Hirt, (Baß)",1,mit,APPR,mit,7573,,
tg,kq6g.0,18720,18809,"Ambrosio, ein alter Hirt, (Baß)",1,dir,PPER,dir,7573,,
tg,kq6g.0,18720,18809,"Ambrosio, ein alter Hirt, (Baß)",1,"!",$.,--,7573,,
tg,kq6g.0,18815,18903,"Vasco, (Baß)",3,Und,KON,und,7573,,
tg,kq6g.0,18815,18903,"Vasco, (Baß)",3,du,PPER,du,7573,,
tg,kq6g.0,18815,18903,"Vasco, (Baß)",3,–,XY,–,7573,,
tg,kq6g.0,18815,18903,"Vasco, (Baß)",3,gleich,ADV,gleich,7573,,
tg,kq6g.0,18815,18903,"Vasco, (Baß)",3,pack,ADJD,pack,7573,,
tg,kq6g.0,18815,18903,"Vasco, (Baß)",3,',$[,--,7573,,
tg,kq6g.0,18815,18903,"Vasco, (Baß)",3,dich,PRF,dich,7573,,
tg,kq6g.0,18815,18903,"Vasco, (Baß)",3,fort,PTKVZ,fort,7573,,
tg,kq6g.0,18815,18903,"Vasco, (Baß)",3,"!",$.,--,7573,,
tg,kq6g.0,18909,19080,JÄGER,18,Es,PPER,es,7573,,
tg,kq6g.0,18909,19080,JÄGER,18,kostet,VVFIN,kosten,7573,,
tg,kq6g.0,18909,19080,JÄGER,18,mich,PPER,mich,7573,JÄGER,18
tg,kq6g.0,18909,19080,JÄGER,18,ein,ART,ein,7573,,
tg,kq6g.0,18909,19080,JÄGER,18,Wort,NN,wort,7573,,
tg,kq6g.0,18909,19080,JÄGER,18,Und,KON,und,7573,,
tg,kq6g.0,18909,19080,JÄGER,18,ihr,PPOSAT,ihr,7573,,
tg,kq6g.0,18909,19080,JÄGER,18,–,NN,–,7573,,
tg,kq6g.0,18909,19080,JÄGER,18,doch,ADV,doch,7573,,
tg,kq6g.0,18909,19080,JÄGER,18,nein,PTKANT,nein,7573,,
tg,kq6g.0,18909,19080,JÄGER,18,"!",$.,--,7573,,
tg,kq6g.0,18909,19080,JÄGER,18,Wer,PWS,wer,7573,,
tg,kq6g.0,18909,19080,JÄGER,18,wagt's,VVFIN,wagt,7573,,
tg,kq6g.0,18909,19080,JÄGER,18,",","$,",--,7573,,
tg,kq6g.0,18909,19080,JÄGER,18,mich,PRF,mich,7573,JÄGER,18
tg,kq6g.0,18909,19080,JÄGER,18,anzufechten,VVIZU,anfechten,7573,,
tg,kq6g.0,18909,19080,JÄGER,18,?,$.,--,7573,,
tg,kq6g.0,19086,19145,"Vasco, (Baß)",3,Du,PPER,du,7573,,
tg,kq6g.0,19086,19145,"Vasco, (Baß)",3,denkst,VAFIN,denken,7573,,
tg,kq6g.0,19086,19145,"Vasco, (Baß)",3,doch,ADV,doch,7573,,
tg,kq6g.0,19086,19145,"Vasco, (Baß)",3,nicht,PTKNEG,nicht,7573,,
tg,kq6g.0,19086,19145,"Vasco, (Baß)",3,",","$,",--,7573,,
tg,kq6g.0,19086,19145,"Vasco, (Baß)",3,wir,PPER,wir,7573,,
tg,kq6g.0,19086,19145,"Vasco, (Baß)",3,fürchten,VVFIN,fürchten,7573,,
tg,kq6g.0,19086,19145,"Vasco, (Baß)",3,Solch,PIDAT,solch,7573,,
tg,kq6g.0,19086,19145,"Vasco, (Baß)",3,ein,ART,ein,7573,,
tg,kq6g.0,19086,19145,"Vasco, (Baß)",3,Rohr,NN,rohr,7573,,
tg,kq6g.0,19086,19145,"Vasco, (Baß)",3,?,$.,--,7573,,
tg,kq6g.0,19151,19231,DIE DREI HIRTEN,17,Drei,CARD,drei,7573,,
tg,kq6g.0,19151,19231,DIE DREI HIRTEN,17,gegen,APPR,gegen,7573,,
tg,kq6g.0,19151,19231,DIE DREI HIRTEN,17,einen,ART,ein,7573,,
tg,kq6g.0,19151,19231,DIE DREI HIRTEN,17,"!",$.,--,7573,,
tg,kq6g.0,19237,19321,"Ambrosio, ein alter Hirt, (Baß)",1,Pfeif,NE,pfeif,7573,,
tg,kq6g.0,19237,19321,"Ambrosio, ein alter Hirt, (Baß)",1,',$[,--,7573,,
tg,kq6g.0,19237,19321,"Ambrosio, ein alter Hirt, (Baß)",1,ich,PPER,ich,7573,"Ambrosio, ein alter Hirt, (Baß)",1
tg,kq6g.0,19237,19321,"Ambrosio, ein alter Hirt, (Baß)",1,meinen,PPOSAT,mein,7573,"Ambrosio, ein alter Hirt, (Baß)",1
tg,kq6g.0,19237,19321,"Ambrosio, ein alter Hirt, (Baß)",1,Knechten,NN,knecht,7573,,
tg,kq6g.0,19237,19321,"Ambrosio, ein alter Hirt, (Baß)",1,",","$,",--,7573,,
tg,kq6g.0,19237,19321,"Ambrosio, ein alter Hirt, (Baß)",1,Bricht,NN,bricht,7573,,
tg,kq6g.0,19237,19321,"Ambrosio, ein alter Hirt, (Baß)",1,aus,APPR,aus,7573,,
tg,kq6g.0,19237,19321,"Ambrosio, ein alter Hirt, (Baß)",1,dem,ART,der,7573,,
tg,kq6g.0,19237,19321,"Ambrosio, ein alter Hirt, (Baß)",1,Wald,NN,wald,7573,,
tg,kq6g.0,19237,19321,"Ambrosio, ein alter Hirt, (Baß)",1,ein,ART,ein,7573,,
tg,kq6g.0,19237,19321,"Ambrosio, ein alter Hirt, (Baß)",1,Dutzend,NN,dutzend,7573,,
tg,kq6g.0,19237,19321,"Ambrosio, ein alter Hirt, (Baß)",1,noch,ADV,noch,7573,,
tg,kq6g.0,19237,19321,"Ambrosio, ein alter Hirt, (Baß)",1,hervor,PTKVZ,hervor,7573,,
tg,kq6g.0,19237,19321,"Ambrosio, ein alter Hirt, (Baß)",1,.,$.,--,7573,,
tg,kq6g.0,19328,19401,"Vasco, (Baß)",3,Fort,NN,fort,7573,,
tg,kq6g.0,19328,19401,"Vasco, (Baß)",3,",","$,",--,7573,,
tg,kq6g.0,19328,19401,"Vasco, (Baß)",3,fort,PTKVZ,fort,7573,,
tg,kq6g.0,19328,19401,"Vasco, (Baß)",3,"!",$.,--,7573,,
tg,kq6g.0,19328,19401,"Vasco, (Baß)",3,Fort,NN,fort,7573,,
tg,kq6g.0,19328,19401,"Vasco, (Baß)",3,",","$,",--,7573,,
tg,kq6g.0,19328,19401,"Vasco, (Baß)",3,fort,PTKVZ,fort,7573,,
tg,kq6g.0,19328,19401,"Vasco, (Baß)",3,"!",$.,--,7573,,
tg,kq6g.0,19408,19514,JÄGER,18,Rühr,NN,rühr,7573,,
tg,kq6g.0,19408,19514,JÄGER,18,',$[,--,7573,,
tg,kq6g.0,19408,19514,JÄGER,18,sie,PPER,sie,7573,,
tg,kq6g.0,19408,19514,JÄGER,18,nicht,PTKNEG,nicht,7573,,
tg,kq6g.0,19408,19514,JÄGER,18,an,PTKVZ,an,7573,,
tg,kq6g.0,19408,19514,JÄGER,18,"!",$.,--,7573,,
tg,kq6g.0,19408,19514,JÄGER,18,Rühr,NN,rühr,7573,,
tg,kq6g.0,19408,19514,JÄGER,18,',$[,--,7573,,
tg,kq6g.0,19408,19514,JÄGER,18,sie,PPER,sie,7573,,
tg,kq6g.0,19408,19514,JÄGER,18,nicht,PTKNEG,nicht,7573,,
tg,kq6g.0,19408,19514,JÄGER,18,an,PTKVZ,an,7573,,
tg,kq6g.0,19408,19514,JÄGER,18,"!",$.,--,7573,,
tg,kq6g.0,19520,19728,"Gabriele, seine Nichte, (Sopran)",2,Vergebt,APPR,vergeben,7573,,
tg,kq6g.0,19520,19728,"Gabriele, seine Nichte, (Sopran)",2,den,ART,der,7573,,
tg,kq6g.0,19520,19728,"Gabriele, seine Nichte, (Sopran)",2,Hirten,NN,hirte,7573,,
tg,kq6g.0,19520,19728,"Gabriele, seine Nichte, (Sopran)",2,.,$.,--,7573,,
tg,kq6g.0,19520,19728,"Gabriele, seine Nichte, (Sopran)",2,Ihr,PPOSAT,ihr,7573,,
tg,kq6g.0,19520,19728,"Gabriele, seine Nichte, (Sopran)",2,wünschet,ADJD,wünschet,7573,,
tg,kq6g.0,19520,19728,"Gabriele, seine Nichte, (Sopran)",2,ja,ADV,ja,7573,,
tg,kq6g.0,19520,19728,"Gabriele, seine Nichte, (Sopran)",2,",","$,",--,7573,,
tg,kq6g.0,19520,19728,"Gabriele, seine Nichte, (Sopran)",2,sie,PPER,sie,7573,,
tg,kq6g.0,19520,19728,"Gabriele, seine Nichte, (Sopran)",2,sollen,VMFIN,sollen,7573,,
tg,kq6g.0,19520,19728,"Gabriele, seine Nichte, (Sopran)",2,Euch,PPER,euch,7573,,
tg,kq6g.0,19520,19728,"Gabriele, seine Nichte, (Sopran)",2,bewirten,VVFIN,bewirten,7573,,
tg,kq6g.0,19520,19728,"Gabriele, seine Nichte, (Sopran)",2,.,$.,--,7573,,
tg,kq6g.0,19734,19862,JÄGER,18,Ja,PTKANT,ja,7573,,
tg,kq6g.0,19734,19862,JÄGER,18,so,ADV,so,7573,,
tg,kq6g.0,19734,19862,JÄGER,18,"!",$.,--,7573,,
tg,kq6g.0,19734,19862,JÄGER,18,Schon,ADV,schon,7573,,
tg,kq6g.0,19734,19862,JÄGER,18,gut,ADJD,gut,7573,,
tg,kq6g.0,19734,19862,JÄGER,18,"!",$.,--,7573,,
tg,kq6g.0,19734,19862,JÄGER,18,Schon,ADV,schon,7573,,
tg,kq6g.0,19734,19862,JÄGER,18,gut,ADJD,gut,7573,,
tg,kq6g.0,19734,19862,JÄGER,18,"!",$.,--,7573,,
tg,kq6g.0,19734,19862,JÄGER,18,Die,ART,der,7573,,
tg,kq6g.0,19734,19862,JÄGER,18,Sach,NN,sach,7573,,
tg,kq6g.0,19734,19862,JÄGER,18,',$[,--,7573,,
tg,kq6g.0,19734,19862,JÄGER,18,sei,VAFIN,sein,7573,,
tg,kq6g.0,19734,19862,JÄGER,18,abgemacht,VVPP,abmachen,7573,,
tg,kq6g.0,19734,19862,JÄGER,18,.,$.,--,7573,,
tg,kq6g.0,19734,19862,JÄGER,18,Ich,PPER,ich,7573,,
tg,kq6g.0,19734,19862,JÄGER,18,bin,VAFIN,sein,7573,,
tg,kq6g.0,19734,19862,JÄGER,18,verirrt,VVPP,verirren,7573,,
tg,kq6g.0,19734,19862,JÄGER,18,",","$,",--,7573,,
tg,kq6g.0,19734,19862,JÄGER,18,gebt,VVFIN,geben,7573,,
tg,kq6g.0,19734,19862,JÄGER,18,Herberg,NE,herberg,7573,,
tg,kq6g.0,19734,19862,JÄGER,18,',$[,--,7573,,
tg,kq6g.0,19734,19862,JÄGER,18,mir,PPER,sich,7573,JÄGER,18
tg,kq6g.0,19734,19862,JÄGER,18,zur,APPRART,zu,7573,,
tg,kq6g.0,19734,19862,JÄGER,18,Nacht,NN,nacht,7573,,
tg,kq6g.0,19867,19893,"Vasco, (Baß)",3,Ei,ITJ,ei,7573,,
tg,kq6g.0,19867,19893,"Vasco, (Baß)",3,sieh,VVIMP,sieh,7573,,
tg,kq6g.0,19867,19893,"Vasco, (Baß)",3,"!",$.,--,7573,,
tg,kq6g.0,19898,19928,"Gabriele, seine Nichte, (Sopran)",2,Seid,NE,sein,7573,,
tg,kq6g.0,19898,19928,"Gabriele, seine Nichte, (Sopran)",2,gut,ADJD,gut,7573,,
tg,kq6g.0,19898,19928,"Gabriele, seine Nichte, (Sopran)",2,"!",$.,--,7573,,
tg,kq6g.0,19933,19977,"Ambrosio, ein alter Hirt, (Baß)",1,Wir,PPER,wir,7573,,
tg,kq6g.0,19933,19977,"Ambrosio, ein alter Hirt, (Baß)",1,brauchen,VVFIN,brauchen,7573,,
tg,kq6g.0,19933,19977,"Ambrosio, ein alter Hirt, (Baß)",1,keine,PIAT,kein,7573,,
tg,kq6g.0,19933,19977,"Ambrosio, ein alter Hirt, (Baß)",1,Gäste,NN,gast,7573,,
tg,kq6g.0,19933,19977,"Ambrosio, ein alter Hirt, (Baß)",1,"!",$.,--,7573,,
tg,kq6g.0,19982,20031,"Gabriele, seine Nichte, (Sopran)",2,Bedenkt,NN,bedenkt,7573,,
tg,kq6g.0,19982,20031,"Gabriele, seine Nichte, (Sopran)",2,",","$,",--,7573,,
tg,kq6g.0,19982,20031,"Gabriele, seine Nichte, (Sopran)",2,er,PPER,er,7573,,
tg,kq6g.0,19982,20031,"Gabriele, seine Nichte, (Sopran)",2,steht,VVFIN,stehen,7573,,
tg,kq6g.0,19982,20031,"Gabriele, seine Nichte, (Sopran)",2,in,APPR,in,7573,,
tg,kq6g.0,19982,20031,"Gabriele, seine Nichte, (Sopran)",2,des,ART,der,7573,,
tg,kq6g.0,19982,20031,"Gabriele, seine Nichte, (Sopran)",2,Regenten,NN,regent,7573,,
tg,kq6g.0,19982,20031,"Gabriele, seine Nichte, (Sopran)",2,Sold,NN,sold,7573,,
tg,kq6g.0,19982,20031,"Gabriele, seine Nichte, (Sopran)",2,.,$.,--,7573,,
tg,kq6g.0,20036,20134,"Vasco, (Baß)",3,Und,KON,und,7573,,
tg,kq6g.0,20036,20134,"Vasco, (Baß)",3,wär,VAFIN,sein,7573,,
tg,kq6g.0,20036,20134,"Vasco, (Baß)",3,',$[,--,7573,,
tg,kq6g.0,20036,20134,"Vasco, (Baß)",3,er's,FM,er's,7573,,
tg,kq6g.0,20036,20134,"Vasco, (Baß)",3,selbst,ADV,selbst,7573,,
tg,kq6g.0,20036,20134,"Vasco, (Baß)",3,"!",$.,--,7573,,
tg,kq6g.0,20036,20134,"Vasco, (Baß)",3,Des,ART,der,7573,,
tg,kq6g.0,20036,20134,"Vasco, (Baß)",3,Kuckucks,NN,kuckuck,7573,,
tg,kq6g.0,20036,20134,"Vasco, (Baß)",3,Ei,NN,ei,7573,,
tg,kq6g.0,20036,20134,"Vasco, (Baß)",3,im,APPRART,in,7573,,
tg,kq6g.0,20036,20134,"Vasco, (Baß)",3,Neste,NN,nest,7573,,
tg,kq6g.0,20036,20134,"Vasco, (Baß)",3,Steht,VVFIN,stehen,7573,,
tg,kq6g.0,20036,20134,"Vasco, (Baß)",3,mir,PPER,sich,7573,"Vasco, (Baß)",3
tg,kq6g.0,20036,20134,"Vasco, (Baß)",3,nicht,PTKNEG,nicht,7573,,
tg,kq6g.0,20036,20134,"Vasco, (Baß)",3,an,PTKVZ,an,7573,,
tg,kq6g.0,20036,20134,"Vasco, (Baß)",3,"!",$.,--,7573,,
tg,kq6g.0,20140,20334,JÄGER,18,Ich,PPER,ich,7573,,
tg,kq6g.0,20140,20334,JÄGER,18,zahl,VVFIN,zahl,7573,,
tg,kq6g.0,20140,20334,JÄGER,18,',$[,--,7573,,
tg,kq6g.0,20140,20334,JÄGER,18,die,ART,der,7573,,
tg,kq6g.0,20140,20334,JÄGER,18,Streu,NN,streu,7573,,
tg,kq6g.0,20140,20334,JÄGER,18,",","$,",--,7573,,
tg,kq6g.0,20140,20334,JÄGER,18,ich,PPER,ich,7573,JÄGER,18
tg,kq6g.0,20140,20334,JÄGER,18,zahl,ADV,zahl,7573,,
tg,kq6g.0,20140,20334,JÄGER,18,',$[,--,7573,,
tg,kq6g.0,20140,20334,JÄGER,18,die,ART,der,7573,,
tg,kq6g.0,20140,20334,JÄGER,18,Streu,NN,streu,7573,,
tg,kq6g.0,20140,20334,JÄGER,18,mit,APPR,mit,7573,,
tg,kq6g.0,20140,20334,JÄGER,18,Gold,NN,gold,7573,,
tg,kq6g.0,20140,20334,JÄGER,18,"!",$.,--,7573,,
tg,kq6g.0,20341,20577,DIE DREI HIRTEN,17,Die,ART,der,7573,,
tg,kq6g.0,20341,20577,DIE DREI HIRTEN,17,volle,ADJA,voll,7573,,
tg,kq6g.0,20341,20577,DIE DREI HIRTEN,17,Börse,NN,börse,7573,,
tg,kq6g.0,20341,20577,DIE DREI HIRTEN,17,und,KON,und,7573,,
tg,kq6g.0,20341,20577,DIE DREI HIRTEN,17,die,ART,der,7573,,
tg,kq6g.0,20341,20577,DIE DREI HIRTEN,17,goldne,ADJA,goldn,7573,,
tg,kq6g.0,20341,20577,DIE DREI HIRTEN,17,Kette,NN,kette,7573,,
tg,kq6g.0,20341,20577,DIE DREI HIRTEN,17,",","$,",--,7573,,
tg,kq6g.0,20341,20577,DIE DREI HIRTEN,17,Sie,PPER,sie,7573,,
tg,kq6g.0,20341,20577,DIE DREI HIRTEN,17,hemmen,VVFIN,hemmen,7573,,
tg,kq6g.0,20341,20577,DIE DREI HIRTEN,17,mein,PPOSAT,mein,7573,DIE DREI HIRTEN,17
tg,kq6g.0,20341,20577,DIE DREI HIRTEN,17,/,NN,--,7573,,
tg,kq6g.0,20341,20577,DIE DREI HIRTEN,17,sein,VAINF,sein,7573,,
tg,kq6g.0,20341,20577,DIE DREI HIRTEN,17,zu,PTKZU,zu,7573,,
tg,kq6g.0,20341,20577,DIE DREI HIRTEN,17,rasches,ADJA,rasch,7573,,
tg,kq6g.0,20341,20577,DIE DREI HIRTEN,17,Wort,NN,wort,7573,,
tg,kq6g.0,20341,20577,DIE DREI HIRTEN,17,.,$.,--,7573,,
tg,kq6g.0,20341,20577,DIE DREI HIRTEN,17,Bereiten,NN,bereit,7573,,
tg,kq6g.0,20341,20577,DIE DREI HIRTEN,17,mag,VMFIN,mögen,7573,,
tg,kq6g.0,20341,20577,DIE DREI HIRTEN,17,sie,PPER,sie,7573,,
tg,kq6g.0,20341,20577,DIE DREI HIRTEN,17,ihm,PPER,ihm,7573,,
tg,kq6g.0,20341,20577,DIE DREI HIRTEN,17,die,ART,der,7573,,
tg,kq6g.0,20341,20577,DIE DREI HIRTEN,17,Lagerstätte,NN,lagerstätte,7573,,
tg,kq6g.0,20341,20577,DIE DREI HIRTEN,17,–,XY,–,7573,,
tg,kq6g.0,20583,20677,"Vasco, (Baß)",3,Doch,KON,doch,7573,,
tg,kq6g.0,20583,20677,"Vasco, (Baß)",3,nimmer,ADJD,nimmer,7573,,
tg,kq6g.0,20583,20677,"Vasco, (Baß)",3,zieht,VVFIN,ziehen,7573,,
tg,kq6g.0,20583,20677,"Vasco, (Baß)",3,er,PPER,er,7573,,
tg,kq6g.0,20583,20677,"Vasco, (Baß)",3,morgen,ADV,morgen,7573,,
tg,kq6g.0,20583,20677,"Vasco, (Baß)",3,fort,PTKVZ,fort,7573,,
tg,kq6g.0,20583,20677,"Vasco, (Baß)",3,",","$,",--,7573,,
tg,kq6g.0,20583,20677,"Vasco, (Baß)",3,Doch,KON,doch,7573,,
tg,kq6g.0,20583,20677,"Vasco, (Baß)",3,nimmer,ADJD,nimmer,7573,,
tg,kq6g.0,20583,20677,"Vasco, (Baß)",3,zieht,VVFIN,ziehen,7573,,
tg,kq6g.0,20583,20677,"Vasco, (Baß)",3,er,PPER,er,7573,,
tg,kq6g.0,20583,20677,"Vasco, (Baß)",3,morgen,ADV,morgen,7573,,
tg,kq6g.0,20583,20677,"Vasco, (Baß)",3,fort,PTKVZ,fort,7573,,
tg,kq6g.0,20583,20677,"Vasco, (Baß)",3,"!",$.,--,7573,,
tg,kq6g.0,20682,20748,AMBROSIO UND PEDRO,13,Dann,ADV,dann,7573,,
tg,kq6g.0,20682,20748,AMBROSIO UND PEDRO,13,zieh,ADV,ziehen,7573,,
tg,kq6g.0,20682,20748,AMBROSIO UND PEDRO,13,',$[,--,7573,,
tg,kq6g.0,20682,20748,AMBROSIO UND PEDRO,13,er,PPER,er,7573,,
tg,kq6g.0,20682,20748,AMBROSIO UND PEDRO,13,morgen,ADV,morgen,7573,,
tg,kq6g.0,20682,20748,AMBROSIO UND PEDRO,13,weiter,ADV,weiter,7573,,
tg,kq6g.0,20682,20748,AMBROSIO UND PEDRO,13,fort,PTKVZ,fort,7573,,
tg,kq6g.0,20682,20748,AMBROSIO UND PEDRO,13,.,$.,--,7573,,
tg,kq6g.0,20754,20976,GABRIELE UND JÄGER,19,Die,ART,der,7573,,
tg,kq6g.0,20754,20976,GABRIELE UND JÄGER,19,volle,ADJA,voll,7573,,
tg,kq6g.0,20754,20976,GABRIELE UND JÄGER,19,Börse,NN,börse,7573,,
tg,kq6g.0,20754,20976,GABRIELE UND JÄGER,19,und,KON,und,7573,,
tg,kq6g.0,20754,20976,GABRIELE UND JÄGER,19,die,ART,der,7573,,
tg,kq6g.0,20754,20976,GABRIELE UND JÄGER,19,goldne,ADJA,goldn,7573,,
tg,kq6g.0,20754,20976,GABRIELE UND JÄGER,19,Kette,NN,kette,7573,,
tg,kq6g.0,20754,20976,GABRIELE UND JÄGER,19,",","$,",--,7573,,
tg,kq6g.0,20754,20976,GABRIELE UND JÄGER,19,Sie,PPER,sie,7573,,
tg,kq6g.0,20754,20976,GABRIELE UND JÄGER,19,hemmen,VVFIN,hemmen,7573,,
tg,kq6g.0,20754,20976,GABRIELE UND JÄGER,19,ihr,PPOSAT,ihr,7573,,
tg,kq6g.0,20754,20976,GABRIELE UND JÄGER,19,/,NN,--,7573,,
tg,kq6g.0,20754,20976,GABRIELE UND JÄGER,19,sein,VAINF,sein,7573,,
tg,kq6g.0,20754,20976,GABRIELE UND JÄGER,19,zu,PTKZU,zu,7573,,
tg,kq6g.0,20754,20976,GABRIELE UND JÄGER,19,rasches,ADJA,rasch,7573,,
tg,kq6g.0,20754,20976,GABRIELE UND JÄGER,19,Wort,NN,wort,7573,,
tg,kq6g.0,20754,20976,GABRIELE UND JÄGER,19,.,$.,--,7573,,
tg,kq6g.0,20754,20976,GABRIELE UND JÄGER,19,Bereiten,NN,bereit,7573,,
tg,kq6g.0,20754,20976,GABRIELE UND JÄGER,19,werd,VAFIN,werden,7573,,
tg,kq6g.0,20754,20976,GABRIELE UND JÄGER,19,',$[,--,7573,,
tg,kq6g.0,20754,20976,GABRIELE UND JÄGER,19,ich,PPER,ich,7573,GABRIELE UND JÄGER,19
tg,kq6g.0,20754,20976,GABRIELE UND JÄGER,19,Euch,PPER,euch,7573,,
tg,kq6g.0,20754,20976,GABRIELE UND JÄGER,19,/,ITJ,--,7573,,
tg,kq6g.0,20754,20976,GABRIELE UND JÄGER,19,wirst,VAFIN,werden,7573,,
tg,kq6g.0,20754,20976,GABRIELE UND JÄGER,19,du,PPER,du,7573,,
tg,kq6g.0,20754,20976,GABRIELE UND JÄGER,19,mir,PPER,sich,7573,GABRIELE UND JÄGER,19
tg,kq6g.0,20754,20976,GABRIELE UND JÄGER,19,die,ART,der,7573,,
tg,kq6g.0,20754,20976,GABRIELE UND JÄGER,19,Lagerstätte,NN,lagerstätte,7573,,
tg,kq6g.0,20754,20976,GABRIELE UND JÄGER,19,",","$,",--,7573,,
tg,kq6g.0,20754,20976,GABRIELE UND JÄGER,19,Dann,ADV,dann,7573,,
tg,kq6g.0,20754,20976,GABRIELE UND JÄGER,19,zieht,VVFIN,ziehen,7573,,
tg,kq6g.0,20754,20976,GABRIELE UND JÄGER,19,Ihr,PPOSAT,ihr,7573,,
tg,kq6g.0,20754,20976,GABRIELE UND JÄGER,19,/,NN,--,7573,,
tg,kq6g.0,20754,20976,GABRIELE UND JÄGER,19,zieh,ADV,zieh,7573,,
tg,kq6g.0,20754,20976,GABRIELE UND JÄGER,19,',$[,--,7573,,
tg,kq6g.0,20754,20976,GABRIELE UND JÄGER,19,ich,PPER,ich,7573,GABRIELE UND JÄGER,19
tg,kq6g.0,20754,20976,GABRIELE UND JÄGER,19,morgen,ADV,morgen,7573,,
tg,kq6g.0,20754,20976,GABRIELE UND JÄGER,19,wieder,ADV,wieder,7573,,
tg,kq6g.0,20754,20976,GABRIELE UND JÄGER,19,fort,PTKVZ,fort,7573,,
tg,kq6g.0,20754,20976,GABRIELE UND JÄGER,19,.,$.,--,7573,,
tg,kq6g.0,20983,21154,"Vasco, (Baß)",3,Die,ART,der,7573,,
tg,kq6g.0,20983,21154,"Vasco, (Baß)",3,volle,ADJA,voll,7573,,
tg,kq6g.0,20983,21154,"Vasco, (Baß)",3,Börse,NN,börse,7573,,
tg,kq6g.0,20983,21154,"Vasco, (Baß)",3,und,KON,und,7573,,
tg,kq6g.0,20983,21154,"Vasco, (Baß)",3,die,ART,der,7573,,
tg,kq6g.0,20983,21154,"Vasco, (Baß)",3,goldne,ADJA,goldn,7573,,
tg,kq6g.0,20983,21154,"Vasco, (Baß)",3,Kette,NN,kette,7573,,
tg,kq6g.0,20983,21154,"Vasco, (Baß)",3,",","$,",--,7573,,
tg,kq6g.0,20983,21154,"Vasco, (Baß)",3,Sie,PPER,sie,7573,,
tg,kq6g.0,20983,21154,"Vasco, (Baß)",3,hemmen,VVFIN,hemmen,7573,,
tg,kq6g.0,20983,21154,"Vasco, (Baß)",3,mein,PPOSAT,mein,7573,"Vasco, (Baß)",3
tg,kq6g.0,20983,21154,"Vasco, (Baß)",3,zu,PTKZU,zu,7573,,
tg,kq6g.0,20983,21154,"Vasco, (Baß)",3,rasches,ADJA,rasch,7573,,
tg,kq6g.0,20983,21154,"Vasco, (Baß)",3,Wort,NN,wort,7573,,
tg,kq6g.0,20983,21154,"Vasco, (Baß)",3,.,$.,--,7573,,
tg,kq6g.0,20983,21154,"Vasco, (Baß)",3,Bereiten,NN,bereit,7573,,
tg,kq6g.0,20983,21154,"Vasco, (Baß)",3,mag,VMFIN,mögen,7573,,
tg,kq6g.0,20983,21154,"Vasco, (Baß)",3,sie,PPER,sie,7573,,
tg,kq6g.0,20983,21154,"Vasco, (Baß)",3,ihm,PPER,ihm,7573,,
tg,kq6g.0,20983,21154,"Vasco, (Baß)",3,die,ART,der,7573,,
tg,kq6g.0,20983,21154,"Vasco, (Baß)",3,Lagerstätte,NN,lagerstätte,7573,,
tg,kq6g.0,20983,21154,"Vasco, (Baß)",3,",","$,",--,7573,,
tg,kq6g.0,20983,21154,"Vasco, (Baß)",3,Doch,KON,doch,7573,,
tg,kq6g.0,20983,21154,"Vasco, (Baß)",3,nimmer,ADJD,nimmer,7573,,
tg,kq6g.0,20983,21154,"Vasco, (Baß)",3,zieht,VVFIN,ziehen,7573,,
tg,kq6g.0,20983,21154,"Vasco, (Baß)",3,er,PPER,er,7573,,
tg,kq6g.0,20983,21154,"Vasco, (Baß)",3,morgen,ADV,morgen,7573,,
tg,kq6g.0,20983,21154,"Vasco, (Baß)",3,fort,PTKVZ,fort,7573,,
tg,kq6g.0,20983,21154,"Vasco, (Baß)",3,"!",$.,--,7573,,
tg,kq6g.0,21160,21332,AMBROSIO UND PEDRO,13,Die,ART,der,7573,,
tg,kq6g.0,21160,21332,AMBROSIO UND PEDRO,13,volle,ADJA,voll,7573,,
tg,kq6g.0,21160,21332,AMBROSIO UND PEDRO,13,Börse,NN,börse,7573,,
tg,kq6g.0,21160,21332,AMBROSIO UND PEDRO,13,und,KON,und,7573,,
tg,kq6g.0,21160,21332,AMBROSIO UND PEDRO,13,die,ART,der,7573,,
tg,kq6g.0,21160,21332,AMBROSIO UND PEDRO,13,goldne,ADJA,goldn,7573,,
tg,kq6g.0,21160,21332,AMBROSIO UND PEDRO,13,Kette,NN,kette,7573,,
tg,kq6g.0,21160,21332,AMBROSIO UND PEDRO,13,",","$,",--,7573,,
tg,kq6g.0,21160,21332,AMBROSIO UND PEDRO,13,Sie,PPER,sie,7573,,
tg,kq6g.0,21160,21332,AMBROSIO UND PEDRO,13,hemmen,VVFIN,hemmen,7573,,
tg,kq6g.0,21160,21332,AMBROSIO UND PEDRO,13,sein,PPOSAT,sein,7573,,
tg,kq6g.0,21160,21332,AMBROSIO UND PEDRO,13,zu,PTKZU,zu,7573,,
tg,kq6g.0,21160,21332,AMBROSIO UND PEDRO,13,rasches,ADJA,rasch,7573,,
tg,kq6g.0,21160,21332,AMBROSIO UND PEDRO,13,Wort,NN,wort,7573,,
tg,kq6g.0,21160,21332,AMBROSIO UND PEDRO,13,.,$.,--,7573,,
tg,kq6g.0,21160,21332,AMBROSIO UND PEDRO,13,Bezahlen,NN,bezahlen,7573,,
tg,kq6g.0,21160,21332,AMBROSIO UND PEDRO,13,mag,VMFIN,mögen,7573,,
tg,kq6g.0,21160,21332,AMBROSIO UND PEDRO,13,er,PPER,er,7573,,
tg,kq6g.0,21160,21332,AMBROSIO UND PEDRO,13,seine,PPOSAT,sein,7573,,
tg,kq6g.0,21160,21332,AMBROSIO UND PEDRO,13,Lagerstätte,NN,lagerstätte,7573,,
tg,kq6g.0,21160,21332,AMBROSIO UND PEDRO,13,",","$,",--,7573,,
tg,kq6g.0,21160,21332,AMBROSIO UND PEDRO,13,Dann,ADV,dann,7573,,
tg,kq6g.0,21160,21332,AMBROSIO UND PEDRO,13,zieh,ADV,zieh,7573,,
tg,kq6g.0,21160,21332,AMBROSIO UND PEDRO,13,',$[,--,7573,,
tg,kq6g.0,21160,21332,AMBROSIO UND PEDRO,13,er,PPER,er,7573,,
tg,kq6g.0,21160,21332,AMBROSIO UND PEDRO,13,morgen,ADV,morgen,7573,,
tg,kq6g.0,21160,21332,AMBROSIO UND PEDRO,13,wieder,ADV,wieder,7573,,
tg,kq6g.0,21160,21332,AMBROSIO UND PEDRO,13,fort,PTKVZ,fort,7573,,
tg,kq6g.0,21160,21332,AMBROSIO UND PEDRO,13,"!",$.,--,7573,,
tg,kq6g.0,21338,21453,JÄGER,18,Den,ART,der,7573,,
tg,kq6g.0,21338,21453,JÄGER,18,Lohn,NN,lohn,7573,,
tg,kq6g.0,21338,21453,JÄGER,18,zahl,CARD,zahl,7573,,
tg,kq6g.0,21338,21453,JÄGER,18,',$[,--,7573,,
tg,kq6g.0,21338,21453,JÄGER,18,ich,PPER,ich,7573,JÄGER,18
tg,kq6g.0,21338,21453,JÄGER,18,Euch,PPER,euch,7573,,
tg,kq6g.0,21338,21453,JÄGER,18,gern,ADV,gern,7573,,
tg,kq6g.0,21338,21453,JÄGER,18,voraus,ADV,voraus,7573,,
tg,kq6g.0,21338,21453,JÄGER,18,",","$,",--,7573,,
tg,kq6g.0,21338,21453,JÄGER,18,Find,NE,find,7573,,
tg,kq6g.0,21338,21453,JÄGER,18,',$[,--,7573,,
tg,kq6g.0,21338,21453,JÄGER,18,ich,PPER,ich,7573,JÄGER,18
tg,kq6g.0,21338,21453,JÄGER,18,bei,APPR,bei,7573,,
tg,kq6g.0,21338,21453,JÄGER,18,Euch,PPER,euch,7573,,
tg,kq6g.0,21338,21453,JÄGER,18,ein,ART,ein,7573,,
tg,kq6g.0,21338,21453,JÄGER,18,gastlich,ADJD,gastlich,7573,,
tg,kq6g.0,21338,21453,JÄGER,18,Haus,NN,haus,7573,,
tg,kq6g.0,21338,21453,JÄGER,18,.,$.,--,7573,,
tg,kq6g.0,21459,21618,"Vasco, (Baß)",3,Den,ART,der,7573,,
tg,kq6g.0,21459,21618,"Vasco, (Baß)",3,Wandersmann,NN,wandersmann,7573,,
tg,kq6g.0,21459,21618,"Vasco, (Baß)",3,Nicht,PTKNEG,nicht,7573,,
tg,kq6g.0,21459,21618,"Vasco, (Baß)",3,von,APPR,von,7573,,
tg,kq6g.0,21459,21618,"Vasco, (Baß)",3,der,ART,der,7573,,
tg,kq6g.0,21459,21618,"Vasco, (Baß)",3,Thür,NN,thür,7573,,
tg,kq6g.0,21459,21618,"Vasco, (Baß)",3,zu,PTKZU,zu,7573,,
tg,kq6g.0,21459,21618,"Vasco, (Baß)",3,weisen,VVINF,weisen,7573,,
tg,kq6g.0,21459,21618,"Vasco, (Baß)",3,",","$,",--,7573,,
tg,kq6g.0,21459,21618,"Vasco, (Baß)",3,Ist,VAFIN,sein,7573,,
tg,kq6g.0,21459,21618,"Vasco, (Baß)",3,Hirtenbrauch,NN,hirtenbrauch,7573,,
tg,kq6g.0,21459,21618,"Vasco, (Baß)",3,;,$.,--,7573,,
tg,kq6g.0,21459,21618,"Vasco, (Baß)",3,man,PIS,man,7573,,
tg,kq6g.0,21459,21618,"Vasco, (Baß)",3,hat,VAFIN,haben,7573,,
tg,kq6g.0,21459,21618,"Vasco, (Baß)",3,kein,PIAT,kein,7573,,
tg,kq6g.0,21459,21618,"Vasco, (Baß)",3,Herz,NN,herz,7573,,
tg,kq6g.0,21459,21618,"Vasco, (Baß)",3,von,APPR,von,7573,,
tg,kq6g.0,21459,21618,"Vasco, (Baß)",3,Eisen,NN,eisen,7573,,
tg,kq6g.0,21459,21618,"Vasco, (Baß)",3,.,$.,--,7573,,
tg,kq6g.0,21625,21720,"Gabriele, seine Nichte, (Sopran)",2,Nicht,PTKNEG,nicht,7573,,
tg,kq6g.0,21625,21720,"Gabriele, seine Nichte, (Sopran)",2,trau,ADV,trau,7573,,
tg,kq6g.0,21625,21720,"Gabriele, seine Nichte, (Sopran)",2,',$[,--,7573,,
tg,kq6g.0,21625,21720,"Gabriele, seine Nichte, (Sopran)",2,ich,PPER,ich,7573,"Gabriele, seine Nichte, (Sopran)",2
tg,kq6g.0,21625,21720,"Gabriele, seine Nichte, (Sopran)",2,ihrem,PPOSAT,ihr,7573,,
tg,kq6g.0,21625,21720,"Gabriele, seine Nichte, (Sopran)",2,falschen,ADJA,falsch,7573,,
tg,kq6g.0,21625,21720,"Gabriele, seine Nichte, (Sopran)",2,Wort,NN,wort,7573,,
tg,kq6g.0,21625,21720,"Gabriele, seine Nichte, (Sopran)",2,;,$.,--,7573,,
tg,kq6g.0,21625,21720,"Gabriele, seine Nichte, (Sopran)",2,Wär,FM,sein,7573,,
tg,kq6g.0,21625,21720,"Gabriele, seine Nichte, (Sopran)",2,',$[,--,7573,,
tg,kq6g.0,21625,21720,"Gabriele, seine Nichte, (Sopran)",2,er,PPER,er,7573,,
tg,kq6g.0,21625,21720,"Gabriele, seine Nichte, (Sopran)",2,doch,ADV,doch,7573,,
tg,kq6g.0,21625,21720,"Gabriele, seine Nichte, (Sopran)",2,glücklich,ADJD,glücklich,7573,,
tg,kq6g.0,21625,21720,"Gabriele, seine Nichte, (Sopran)",2,wieder,ADV,wieder,7573,,
tg,kq6g.0,21625,21720,"Gabriele, seine Nichte, (Sopran)",2,fort,PTKVZ,fort,7573,,
tg,kq6g.0,21625,21720,"Gabriele, seine Nichte, (Sopran)",2,.,$.,--,7573,,
tg,kq6g.0,21726,21847,"Vasco, (Baß)",3,Ei,ITJ,ei,7573,,
tg,kq6g.0,21726,21847,"Vasco, (Baß)",3,",","$,",--,7573,,
tg,kq6g.0,21726,21847,"Vasco, (Baß)",3,wackrer,ADJA,wackr,7573,,
tg,kq6g.0,21726,21847,"Vasco, (Baß)",3,Herr,NN,herr,7573,,
tg,kq6g.0,21726,21847,"Vasco, (Baß)",3,",","$,",--,7573,,
tg,kq6g.0,21726,21847,"Vasco, (Baß)",3,welch,PWAT,welcher,7573,,
tg,kq6g.0,21726,21847,"Vasco, (Baß)",3,schön,ADJD,schön,7573,,
tg,kq6g.0,21726,21847,"Vasco, (Baß)",3,Gewehr,NN,gewehr,7573,,
tg,kq6g.0,21726,21847,"Vasco, (Baß)",3,"!",$.,--,7573,,
tg,kq6g.0,21726,21847,"Vasco, (Baß)",3,Ist,VAFIN,sein,7573,,
tg,kq6g.0,21726,21847,"Vasco, (Baß)",3,wohl,ADV,wohl,7573,,
tg,kq6g.0,21726,21847,"Vasco, (Baß)",3,geladen,VVPP,laden,7573,,
tg,kq6g.0,21726,21847,"Vasco, (Baß)",3,?,$.,--,7573,,
tg,kq6g.0,21726,21847,"Vasco, (Baß)",3,Weist,VAFIN,weisen,7573,,
tg,kq6g.0,21726,21847,"Vasco, (Baß)",3,doch,ADV,doch,7573,,
tg,kq6g.0,21726,21847,"Vasco, (Baß)",3,her,PTKVZ,her,7573,,
tg,kq6g.0,21726,21847,"Vasco, (Baß)",3,"!",$.,--,7573,,
tg,kq6g.0,21853,22009,JÄGER,18,Es,PPER,es,7573,,
tg,kq6g.0,21853,22009,JÄGER,18,giebt,VVFIN,gieben,7573,,
tg,kq6g.0,21853,22009,JÄGER,18,ein,ART,ein,7573,,
tg,kq6g.0,21853,22009,JÄGER,18,Jäger,NE,jäger,7573,,
tg,kq6g.0,21853,22009,JÄGER,18,von,APPR,von,7573,,
tg,kq6g.0,21853,22009,JÄGER,18,Verstand,NN,verstand,7573,,
tg,kq6g.0,21853,22009,JÄGER,18,Nie,ADV,nie,7573,,
tg,kq6g.0,21853,22009,JÄGER,18,seine,PPOSAT,sein,7573,,
tg,kq6g.0,21853,22009,JÄGER,18,Büchse,NN,büchse,7573,,
tg,kq6g.0,21853,22009,JÄGER,18,aus,APPR,aus,7573,,
tg,kq6g.0,21853,22009,JÄGER,18,der,ART,der,7573,,
tg,kq6g.0,21853,22009,JÄGER,18,Hand,NN,hand,7573,,
tg,kq6g.0,21853,22009,JÄGER,18,.,$.,--,7573,,
tg,kq6g.0,22015,22070,"Vasco, (Baß)",3,Je,ADV,je,7573,,
tg,kq6g.0,22015,22070,"Vasco, (Baß)",3,nun,ADV,nun,7573,,
tg,kq6g.0,22015,22070,"Vasco, (Baß)",3,",","$,",--,7573,,
tg,kq6g.0,22015,22070,"Vasco, (Baß)",3,es,PPER,es,7573,,
tg,kq6g.0,22015,22070,"Vasco, (Baß)",3,sei,VAFIN,sein,7573,,
tg,kq6g.0,22015,22070,"Vasco, (Baß)",3,.,$.,--,7573,,
tg,kq6g.0,22015,22070,"Vasco, (Baß)",3,Laßt,VVFIN,lassen,7573,,
tg,kq6g.0,22015,22070,"Vasco, (Baß)",3,uns,PPER,uns,7573,,
tg,kq6g.0,22015,22070,"Vasco, (Baß)",3,darob,VVFIN,darob,7573,,
tg,kq6g.0,22015,22070,"Vasco, (Baß)",3,nicht,PTKNEG,nicht,7573,,
tg,kq6g.0,22015,22070,"Vasco, (Baß)",3,streiten,VVINF,streiten,7573,,
tg,kq6g.0,22015,22070,"Vasco, (Baß)",3,.,$.,--,7573,,
tg,kq6g.0,22076,22140,"Gabriele, seine Nichte, (Sopran)",2,So,ADV,so,7573,,
tg,kq6g.0,22076,22140,"Gabriele, seine Nichte, (Sopran)",2,darf,VMFIN,dürfen,7573,,
tg,kq6g.0,22076,22140,"Gabriele, seine Nichte, (Sopran)",2,ich,PPER,ich,7573,"Gabriele, seine Nichte, (Sopran)",2
tg,kq6g.0,22076,22140,"Gabriele, seine Nichte, (Sopran)",2,ihm,PPER,ihm,7573,,
tg,kq6g.0,22076,22140,"Gabriele, seine Nichte, (Sopran)",2,die,ART,der,7573,,
tg,kq6g.0,22076,22140,"Gabriele, seine Nichte, (Sopran)",2,Lagerstatt,NN,lagerstatt,7573,,
tg,kq6g.0,22076,22140,"Gabriele, seine Nichte, (Sopran)",2,bereiten,VVFIN,bereiten,7573,,
tg,kq6g.0,22076,22140,"Gabriele, seine Nichte, (Sopran)",2,?,$.,--,7573,,
tg,kq6g.0,22145,22188,"Ambrosio, ein alter Hirt, (Baß)",1,Sie,PPER,sie,7573,,
tg,kq6g.0,22145,22188,"Ambrosio, ein alter Hirt, (Baß)",1,ist,VAFIN,sein,7573,,
tg,kq6g.0,22145,22188,"Ambrosio, ein alter Hirt, (Baß)",1,bezahlt,VVPP,bezahlen,7573,,
tg,kq6g.0,22145,22188,"Ambrosio, ein alter Hirt, (Baß)",1,",","$,",--,7573,,
tg,kq6g.0,22145,22188,"Ambrosio, ein alter Hirt, (Baß)",1,sie,PPER,sie,7573,,
tg,kq6g.0,22145,22188,"Ambrosio, ein alter Hirt, (Baß)",1,ist,VAFIN,sein,7573,,
tg,kq6g.0,22145,22188,"Ambrosio, ein alter Hirt, (Baß)",1,bezahlt,VVPP,bezahlen,7573,,
tg,kq6g.0,22145,22188,"Ambrosio, ein alter Hirt, (Baß)",1,.,$.,--,7573,,
tg,kq6g.0,22193,22237,"Vasco, (Baß)",3,Viel,PIDAT,viel,7573,,
tg,kq6g.0,22193,22237,"Vasco, (Baß)",3,Ehr,NN,ehr,7573,,
tg,kq6g.0,22193,22237,"Vasco, (Baß)",3,',$[,--,7573,,
tg,kq6g.0,22193,22237,"Vasco, (Baß)",3,für,APPR,für,7573,,
tg,kq6g.0,22193,22237,"Vasco, (Baß)",3,uns,PPER,uns,7573,,
tg,kq6g.0,22193,22237,"Vasco, (Baß)",3,",","$,",--,7573,,
tg,kq6g.0,22193,22237,"Vasco, (Baß)",3,viel,PIDAT,viel,7573,,
tg,kq6g.0,22193,22237,"Vasco, (Baß)",3,Ehr,NN,ehr,7573,,
tg,kq6g.0,22193,22237,"Vasco, (Baß)",3,',$[,--,7573,,
tg,kq6g.0,22193,22237,"Vasco, (Baß)",3,für,APPR,für,7573,,
tg,kq6g.0,22193,22237,"Vasco, (Baß)",3,uns,PPER,uns,7573,,
tg,kq6g.0,22193,22237,"Vasco, (Baß)",3,"!",$.,--,7573,,
tg,kq6g.0,22242,22324,"Gabriele, seine Nichte, (Sopran)",2,Kommt,VVFIN,kommen,7573,,
tg,kq6g.0,22242,22324,"Gabriele, seine Nichte, (Sopran)",2,",","$,",--,7573,,
tg,kq6g.0,22242,22324,"Gabriele, seine Nichte, (Sopran)",2,lieber,ADJD,lieber,7573,,
tg,kq6g.0,22242,22324,"Gabriele, seine Nichte, (Sopran)",2,Herr,NN,herr,7573,,
tg,kq6g.0,22242,22324,"Gabriele, seine Nichte, (Sopran)",2,",","$,",--,7573,,
tg,kq6g.0,22242,22324,"Gabriele, seine Nichte, (Sopran)",2,kommt,VVFIN,kommen,7573,,
tg,kq6g.0,22242,22324,"Gabriele, seine Nichte, (Sopran)",2,herein,PTKVZ,herein,7573,,
tg,kq6g.0,22242,22324,"Gabriele, seine Nichte, (Sopran)",2,",","$,",--,7573,,
tg,kq6g.0,22242,22324,"Gabriele, seine Nichte, (Sopran)",2,kommt,VVFIN,kommen,7573,,
tg,kq6g.0,22242,22324,"Gabriele, seine Nichte, (Sopran)",2,herein,PTKVZ,herein,7573,,
tg,kq6g.0,22242,22324,"Gabriele, seine Nichte, (Sopran)",2,"!",$.,--,7573,,
tg,kq6g.0,22331,22570,JÄGER,18,Wie,PWAV,wie,7573,,
tg,kq6g.0,22331,22570,JÄGER,18,glühen,VVFIN,glühen,7573,,
tg,kq6g.0,22331,22570,JÄGER,18,ihre,PPOSAT,ihr,7573,,
tg,kq6g.0,22331,22570,JÄGER,18,Wangen,NN,wange,7573,,
tg,kq6g.0,22331,22570,JÄGER,18,",","$,",--,7573,,
tg,kq6g.0,22331,22570,JÄGER,18,Seh,VVIMP,seh,7573,,
tg,kq6g.0,22331,22570,JÄGER,18,',$[,--,7573,,
tg,kq6g.0,22331,22570,JÄGER,18,ich,PPER,ich,7573,JÄGER,18
tg,kq6g.0,22331,22570,JÄGER,18,sie,PPER,sie,7573,,
tg,kq6g.0,22331,22570,JÄGER,18,freundlich,ADJD,freundlich,7573,,
tg,kq6g.0,22331,22570,JÄGER,18,an,PTKVZ,an,7573,,
tg,kq6g.0,22331,22570,JÄGER,18,;,$.,--,7573,,
tg,kq6g.0,22331,22570,JÄGER,18,Das,ART,der,7573,,
tg,kq6g.0,22331,22570,JÄGER,18,stürmische,ADJA,stürmisch,7573,,
tg,kq6g.0,22331,22570,JÄGER,18,Verlangen,NN,verlang,7573,,
tg,kq6g.0,22331,22570,JÄGER,18,Ich,PPER,ich,7573,,
tg,kq6g.0,22331,22570,JÄGER,18,kaum,ADV,kaum,7573,,
tg,kq6g.0,22331,22570,JÄGER,18,bezwingen,VVINF,bezwingen,7573,,
tg,kq6g.0,22331,22570,JÄGER,18,kann,VMFIN,können,7573,,
tg,kq6g.0,22331,22570,JÄGER,18,.,$.,--,7573,,
tg,kq6g.0,22331,22570,JÄGER,18,Die,ART,der,7573,,
tg,kq6g.0,22331,22570,JÄGER,18,Hirtin,NN,hirtin,7573,,
tg,kq6g.0,22331,22570,JÄGER,18,zu,PTKZU,zu,7573,,
tg,kq6g.0,22331,22570,JÄGER,18,begehren,VVINF,begehren,7573,,
tg,kq6g.0,22331,22570,JÄGER,18,",","$,",--,7573,,
tg,kq6g.0,22331,22570,JÄGER,18,Geziemt,NN,geziemt,7573,,
tg,kq6g.0,22331,22570,JÄGER,18,dem,ART,der,7573,,
tg,kq6g.0,22331,22570,JÄGER,18,Edlen,NN,edlen,7573,,
tg,kq6g.0,22331,22570,JÄGER,18,nicht,PTKNEG,nicht,7573,,
tg,kq6g.0,22331,22570,JÄGER,18,;,$.,--,7573,,
tg,kq6g.0,22331,22570,JÄGER,18,Der,ART,der,7573,,
tg,kq6g.0,22331,22570,JÄGER,18,Unschuld,NN,unschuld,7573,,
tg,kq6g.0,22331,22570,JÄGER,18,Schutz,NN,schutz,7573,,
tg,kq6g.0,22331,22570,JÄGER,18,gewähren,VVINF,gewähren,7573,,
tg,kq6g.0,22331,22570,JÄGER,18,",","$,",--,7573,,
tg,kq6g.0,22331,22570,JÄGER,18,Heischt,NN,heischt,7573,,
tg,kq6g.0,22331,22570,JÄGER,18,schon,ADV,schon,7573,,
tg,kq6g.0,22331,22570,JÄGER,18,die,ART,der,7573,,
tg,kq6g.0,22331,22570,JÄGER,18,Ritterpflicht,NN,ritterpflicht,7573,,
tg,kq6g.0,22331,22570,JÄGER,18,.,$.,--,7573,,
tg,kq6g.0,22576,22820,"Gabriele, seine Nichte, (Sopran)",2,Wie,PWAV,wie,7573,,
tg,kq6g.0,22576,22820,"Gabriele, seine Nichte, (Sopran)",2,glühen,VVFIN,glühen,7573,,
tg,kq6g.0,22576,22820,"Gabriele, seine Nichte, (Sopran)",2,meine,PPOSAT,mein,7573,"Gabriele, seine Nichte, (Sopran)",2
tg,kq6g.0,22576,22820,"Gabriele, seine Nichte, (Sopran)",2,Wangen,NN,wange,7573,,
tg,kq6g.0,22576,22820,"Gabriele, seine Nichte, (Sopran)",2,",","$,",--,7573,,
tg,kq6g.0,22576,22820,"Gabriele, seine Nichte, (Sopran)",2,Sieht,VVFIN,sehen,7573,,
tg,kq6g.0,22576,22820,"Gabriele, seine Nichte, (Sopran)",2,er,PPER,er,7573,,
tg,kq6g.0,22576,22820,"Gabriele, seine Nichte, (Sopran)",2,mich,PRF,mich,7573,"Gabriele, seine Nichte, (Sopran)",2
tg,kq6g.0,22576,22820,"Gabriele, seine Nichte, (Sopran)",2,freundlich,ADJD,freundlich,7573,,
tg,kq6g.0,22576,22820,"Gabriele, seine Nichte, (Sopran)",2,an,PTKVZ,an,7573,,
tg,kq6g.0,22576,22820,"Gabriele, seine Nichte, (Sopran)",2,;,$.,--,7573,,
tg,kq6g.0,22576,22820,"Gabriele, seine Nichte, (Sopran)",2,Ein,ART,ein,7573,,
tg,kq6g.0,22576,22820,"Gabriele, seine Nichte, (Sopran)",2,unruhvolles,ADJA,unruhvoll,7573,,
tg,kq6g.0,22576,22820,"Gabriele, seine Nichte, (Sopran)",2,Bangen,NN,bang,7573,,
tg,kq6g.0,22576,22820,"Gabriele, seine Nichte, (Sopran)",2,Ich,PPER,ich,7573,,
tg,kq6g.0,22576,22820,"Gabriele, seine Nichte, (Sopran)",2,kaum,ADV,kaum,7573,,
tg,kq6g.0,22576,22820,"Gabriele, seine Nichte, (Sopran)",2,bezwingen,VVINF,bezwingen,7573,,
tg,kq6g.0,22576,22820,"Gabriele, seine Nichte, (Sopran)",2,kann,VMFIN,können,7573,,
tg,kq6g.0,22576,22820,"Gabriele, seine Nichte, (Sopran)",2,.,$.,--,7573,,
tg,kq6g.0,22576,22820,"Gabriele, seine Nichte, (Sopran)",2,Erfüllt,VVPP,erfüllen,7573,,
tg,kq6g.0,22576,22820,"Gabriele, seine Nichte, (Sopran)",2,wird,VAFIN,werden,7573,,
tg,kq6g.0,22576,22820,"Gabriele, seine Nichte, (Sopran)",2,mein,PPOSAT,mein,7573,"Gabriele, seine Nichte, (Sopran)",2
tg,kq6g.0,22576,22820,"Gabriele, seine Nichte, (Sopran)",2,Begehren,NN,begehren,7573,,
tg,kq6g.0,22576,22820,"Gabriele, seine Nichte, (Sopran)",2,",","$,",--,7573,,
tg,kq6g.0,22576,22820,"Gabriele, seine Nichte, (Sopran)",2,Wenn,KOUS,wenn,7573,,
tg,kq6g.0,22576,22820,"Gabriele, seine Nichte, (Sopran)",2,er,PPER,er,7573,,
tg,kq6g.0,22576,22820,"Gabriele, seine Nichte, (Sopran)",2,den,ART,der,7573,,
tg,kq6g.0,22576,22820,"Gabriele, seine Nichte, (Sopran)",2,Fürsten,NN,fürst,7573,,
tg,kq6g.0,22576,22820,"Gabriele, seine Nichte, (Sopran)",2,spricht,VVFIN,sprechen,7573,,
tg,kq6g.0,22576,22820,"Gabriele, seine Nichte, (Sopran)",2,;,$.,--,7573,,
tg,kq6g.0,22576,22820,"Gabriele, seine Nichte, (Sopran)",2,Er,PPER,er,7573,,
tg,kq6g.0,22576,22820,"Gabriele, seine Nichte, (Sopran)",2,wird,VAFIN,werden,7573,,
tg,kq6g.0,22576,22820,"Gabriele, seine Nichte, (Sopran)",2,mir,PPER,sich,7573,"Gabriele, seine Nichte, (Sopran)",2
tg,kq6g.0,22576,22820,"Gabriele, seine Nichte, (Sopran)",2,Trost,NN,trost,7573,,
tg,kq6g.0,22576,22820,"Gabriele, seine Nichte, (Sopran)",2,gewähren,VVINF,gewähren,7573,,
tg,kq6g.0,22576,22820,"Gabriele, seine Nichte, (Sopran)",2,",","$,",--,7573,,
tg,kq6g.0,22576,22820,"Gabriele, seine Nichte, (Sopran)",2,Dies,PDS,dieser,7573,,
tg,kq6g.0,22576,22820,"Gabriele, seine Nichte, (Sopran)",2,zeigt,VVFIN,zeigen,7573,,
tg,kq6g.0,22576,22820,"Gabriele, seine Nichte, (Sopran)",2,sein,PPOSAT,sein,7573,,
tg,kq6g.0,22576,22820,"Gabriele, seine Nichte, (Sopran)",2,Angesicht,NN,angesicht,7573,,
tg,kq6g.0,22576,22820,"Gabriele, seine Nichte, (Sopran)",2,.,$.,--,7573,,
tg,kq6g.0,22826,23064,"Vasco, (Baß)",3,Wie,PWAV,wie,7573,,
tg,kq6g.0,22826,23064,"Vasco, (Baß)",3,glühen,VVFIN,glühen,7573,,
tg,kq6g.0,22826,23064,"Vasco, (Baß)",3,ihre,PPOSAT,ihr,7573,,
tg,kq6g.0,22826,23064,"Vasco, (Baß)",3,Wangen,NN,wange,7573,,
tg,kq6g.0,22826,23064,"Vasco, (Baß)",3,",","$,",--,7573,,
tg,kq6g.0,22826,23064,"Vasco, (Baß)",3,Sieht,VVFIN,sehen,7573,,
tg,kq6g.0,22826,23064,"Vasco, (Baß)",3,er,PPER,er,7573,,
tg,kq6g.0,22826,23064,"Vasco, (Baß)",3,sie,PPER,sie,7573,,
tg,kq6g.0,22826,23064,"Vasco, (Baß)",3,freundlich,ADJD,freundlich,7573,,
tg,kq6g.0,22826,23064,"Vasco, (Baß)",3,an,PTKVZ,an,7573,,
tg,kq6g.0,22826,23064,"Vasco, (Baß)",3,",","$,",--,7573,,
tg,kq6g.0,22826,23064,"Vasco, (Baß)",3,Das,ART,der,7573,,
tg,kq6g.0,22826,23064,"Vasco, (Baß)",3,stürmische,ADJA,stürmisch,7573,,
tg,kq6g.0,22826,23064,"Vasco, (Baß)",3,Verlangen,NN,verlang,7573,,
tg,kq6g.0,22826,23064,"Vasco, (Baß)",3,Er,PPER,er,7573,,
tg,kq6g.0,22826,23064,"Vasco, (Baß)",3,kaum,ADV,kaum,7573,,
tg,kq6g.0,22826,23064,"Vasco, (Baß)",3,bezwingen,VVINF,bezwingen,7573,,
tg,kq6g.0,22826,23064,"Vasco, (Baß)",3,kann,VMFIN,können,7573,,
tg,kq6g.0,22826,23064,"Vasco, (Baß)",3,.,$.,--,7573,,
tg,kq6g.0,22826,23064,"Vasco, (Baß)",3,Ja,PTKANT,ja,7573,,
tg,kq6g.0,22826,23064,"Vasco, (Baß)",3,",","$,",--,7573,,
tg,kq6g.0,22826,23064,"Vasco, (Baß)",3,klar,ADJD,klar,7573,,
tg,kq6g.0,22826,23064,"Vasco, (Baß)",3,ist,VAFIN,sein,7573,,
tg,kq6g.0,22826,23064,"Vasco, (Baß)",3,sein,PPOSAT,sein,7573,,
tg,kq6g.0,22826,23064,"Vasco, (Baß)",3,Begehren,NN,begehren,7573,,
tg,kq6g.0,22826,23064,"Vasco, (Baß)",3,",","$,",--,7573,,
tg,kq6g.0,22826,23064,"Vasco, (Baß)",3,Ich,PPER,ich,7573,,
tg,kq6g.0,22826,23064,"Vasco, (Baß)",3,übe,VVFIN,üben,7573,,
tg,kq6g.0,22826,23064,"Vasco, (Baß)",3,nur,ADV,nur,7573,,
tg,kq6g.0,22826,23064,"Vasco, (Baß)",3,die,ART,der,7573,,
tg,kq6g.0,22826,23064,"Vasco, (Baß)",3,Pflicht,NN,pflicht,7573,,
tg,kq6g.0,22826,23064,"Vasco, (Baß)",3,;,$.,--,7573,,
tg,kq6g.0,22826,23064,"Vasco, (Baß)",3,Mein,PPOSAT,mein,7573,,
tg,kq6g.0,22826,23064,"Vasco, (Baß)",3,Dolch,NN,dolch,7573,,
tg,kq6g.0,22826,23064,"Vasco, (Baß)",3,mag,VMFIN,mögen,7573,,
tg,kq6g.0,22826,23064,"Vasco, (Baß)",3,ihn,PPER,ihn,7573,,
tg,kq6g.0,22826,23064,"Vasco, (Baß)",3,belehren,VVFIN,belehren,7573,,
tg,kq6g.0,22826,23064,"Vasco, (Baß)",3,",","$,",--,7573,,
tg,kq6g.0,22826,23064,"Vasco, (Baß)",3,Er,PPER,er,7573,,
tg,kq6g.0,22826,23064,"Vasco, (Baß)",3,kennt,VVFIN,kennen,7573,,
tg,kq6g.0,22826,23064,"Vasco, (Baß)",3,die,ART,der,7573,,
tg,kq6g.0,22826,23064,"Vasco, (Baß)",3,Spanier,NN,spanier,7573,,
tg,kq6g.0,22826,23064,"Vasco, (Baß)",3,nicht,PTKNEG,nicht,7573,,
tg,kq6g.0,22826,23064,"Vasco, (Baß)",3,"!",$.,--,7573,,
tg,kq6g.0,23070,23621,AMBROSIO UND PEDRO,13,Wie,PWAV,wie,7573,,
tg,kq6g.0,23070,23621,AMBROSIO UND PEDRO,13,glühen,VVFIN,glühen,7573,,
tg,kq6g.0,23070,23621,AMBROSIO UND PEDRO,13,ihre,PPOSAT,ihr,7573,,
tg,kq6g.0,23070,23621,AMBROSIO UND PEDRO,13,Wangen,NN,wange,7573,,
tg,kq6g.0,23070,23621,AMBROSIO UND PEDRO,13,",","$,",--,7573,,
tg,kq6g.0,23070,23621,AMBROSIO UND PEDRO,13,Sieht,VVFIN,sehen,7573,,
tg,kq6g.0,23070,23621,AMBROSIO UND PEDRO,13,er,PPER,er,7573,,
tg,kq6g.0,23070,23621,AMBROSIO UND PEDRO,13,sie,PPER,sie,7573,,
tg,kq6g.0,23070,23621,AMBROSIO UND PEDRO,13,freundlich,ADJD,freundlich,7573,,
tg,kq6g.0,23070,23621,AMBROSIO UND PEDRO,13,an,PTKVZ,an,7573,,
tg,kq6g.0,23070,23621,AMBROSIO UND PEDRO,13,;,$.,--,7573,,
tg,kq6g.0,23070,23621,AMBROSIO UND PEDRO,13,Das,ART,der,7573,,
tg,kq6g.0,23070,23621,AMBROSIO UND PEDRO,13,stürmische,ADJA,stürmisch,7573,,
tg,kq6g.0,23070,23621,AMBROSIO UND PEDRO,13,Verlangen,NN,verlang,7573,,
tg,kq6g.0,23070,23621,AMBROSIO UND PEDRO,13,Er,PPER,er,7573,,
tg,kq6g.0,23070,23621,AMBROSIO UND PEDRO,13,kaum,ADV,kaum,7573,,
tg,kq6g.0,23070,23621,AMBROSIO UND PEDRO,13,bezwingen,VVINF,bezwingen,7573,,
tg,kq6g.0,23070,23621,AMBROSIO UND PEDRO,13,kann,VMFIN,können,7573,,
tg,kq6g.0,23070,23621,AMBROSIO UND PEDRO,13,.,$.,--,7573,,
tg,kq6g.0,23070,23621,AMBROSIO UND PEDRO,13,Ja,PTKANT,ja,7573,,
tg,kq6g.0,23070,23621,AMBROSIO UND PEDRO,13,",","$,",--,7573,,
tg,kq6g.0,23070,23621,AMBROSIO UND PEDRO,13,klar,ADJD,klar,7573,,
tg,kq6g.0,23070,23621,AMBROSIO UND PEDRO,13,ist,VAFIN,sein,7573,,
tg,kq6g.0,23070,23621,AMBROSIO UND PEDRO,13,sein,PPOSAT,sein,7573,,
tg,kq6g.0,23070,23621,AMBROSIO UND PEDRO,13,Begehren,NN,begehren,7573,,
tg,kq6g.0,23070,23621,AMBROSIO UND PEDRO,13,",","$,",--,7573,,
tg,kq6g.0,23070,23621,AMBROSIO UND PEDRO,13,Doch,KON,doch,7573,,
tg,kq6g.0,23070,23621,AMBROSIO UND PEDRO,13,über,APPR,über,7573,,
tg,kq6g.0,23070,23621,AMBROSIO UND PEDRO,13,seine,PPOSAT,sein,7573,,
tg,kq6g.0,23070,23621,AMBROSIO UND PEDRO,13,Pflicht,NN,pflicht,7573,,
tg,kq6g.0,23070,23621,AMBROSIO UND PEDRO,13,Wird,VAFIN,werden,7573,,
tg,kq6g.0,23070,23621,AMBROSIO UND PEDRO,13,Vasco,NE,vasco,7573,,
tg,kq6g.0,23070,23621,AMBROSIO UND PEDRO,13,ihn,PPER,ihn,7573,,
tg,kq6g.0,23070,23621,AMBROSIO UND PEDRO,13,belehren,VVFIN,belehren,7573,,
tg,kq6g.0,23070,23621,AMBROSIO UND PEDRO,13,",","$,",--,7573,,
tg,kq6g.0,23070,23621,AMBROSIO UND PEDRO,13,Er,PPER,er,7573,,
tg,kq6g.0,23070,23621,AMBROSIO UND PEDRO,13,kennt,VVFIN,kennen,7573,,
tg,kq6g.0,23070,23621,AMBROSIO UND PEDRO,13,die,ART,der,7573,,
tg,kq6g.0,23070,23621,AMBROSIO UND PEDRO,13,Spanier,NN,spanier,7573,,
tg,kq6g.0,23070,23621,AMBROSIO UND PEDRO,13,nicht,PTKNEG,nicht,7573,,
tg,kq6g.0,23070,23621,AMBROSIO UND PEDRO,13,.,$.,--,7573,,
tg,kq6g.0,23627,23716,"Gabriele, seine Nichte, (Sopran)",2,Macht's,ADV,macht,7573,,
tg,kq6g.0,23627,23716,"Gabriele, seine Nichte, (Sopran)",2,Euch,PPER,euch,7573,,
tg,kq6g.0,23627,23716,"Gabriele, seine Nichte, (Sopran)",2,bequem,ADJD,bequem,7573,,
tg,kq6g.0,23627,23716,"Gabriele, seine Nichte, (Sopran)",2,nun,ADV,nun,7573,,
tg,kq6g.0,23627,23716,"Gabriele, seine Nichte, (Sopran)",2,",","$,",--,7573,,
tg,kq6g.0,23627,23716,"Gabriele, seine Nichte, (Sopran)",2,lieber,ADJD,lieb,7573,,
tg,kq6g.0,23627,23716,"Gabriele, seine Nichte, (Sopran)",2,Herr,NN,herr,7573,,
tg,kq6g.0,23627,23716,"Gabriele, seine Nichte, (Sopran)",2,",","$,",--,7573,,
tg,kq6g.0,23627,23716,"Gabriele, seine Nichte, (Sopran)",2,Setzt,VVFIN,setzen,7573,,
tg,kq6g.0,23627,23716,"Gabriele, seine Nichte, (Sopran)",2,Euch,PPER,euch,7573,,
tg,kq6g.0,23627,23716,"Gabriele, seine Nichte, (Sopran)",2,zu,APPR,zu,7573,,
tg,kq6g.0,23627,23716,"Gabriele, seine Nichte, (Sopran)",2,mir,PPER,sich,7573,"Gabriele, seine Nichte, (Sopran)",2
tg,kq6g.0,23627,23716,"Gabriele, seine Nichte, (Sopran)",2,und,KON,und,7573,,
tg,kq6g.0,23627,23716,"Gabriele, seine Nichte, (Sopran)",2,zürnt,VVFIN,zürnt,7573,,
tg,kq6g.0,23627,23716,"Gabriele, seine Nichte, (Sopran)",2,nicht,PTKNEG,nicht,7573,,
tg,kq6g.0,23627,23716,"Gabriele, seine Nichte, (Sopran)",2,mehr,ADV,mehr,7573,,
tg,kq6g.0,23627,23716,"Gabriele, seine Nichte, (Sopran)",2,.,$.,--,7573,,
tg,kq6g.0,23722,23918,JÄGER,18,Seh,ADV,seh,7573,,
tg,kq6g.0,23722,23918,JÄGER,18,',$[,--,7573,,
tg,kq6g.0,23722,23918,JÄGER,18,ich,PPER,ich,7573,JÄGER,18
tg,kq6g.0,23722,23918,JÄGER,18,dein,PPOSAT,dein,7573,,
tg,kq6g.0,23722,23918,JÄGER,18,Aug,NN,aug,7573,,
tg,kq6g.0,23722,23918,JÄGER,18,',$[,--,7573,,
tg,kq6g.0,23722,23918,JÄGER,18,im,APPRART,in,7573,,
tg,kq6g.0,23722,23918,JÄGER,18,Abendstrahl,NN,abendstrahl,7573,,
tg,kq6g.0,23722,23918,JÄGER,18,",","$,",--,7573,,
tg,kq6g.0,23722,23918,JÄGER,18,im,APPRART,in,7573,,
tg,kq6g.0,23722,23918,JÄGER,18,Abendstrahl,NN,abendstrahl,7573,,
tg,kq6g.0,23722,23918,JÄGER,18,erglänzen,VVINF,erglänzen,7573,,
tg,kq6g.0,23722,23918,JÄGER,18,",","$,",--,7573,,
tg,kq6g.0,23722,23918,JÄGER,18,Scheint,NN,scheint,7573,,
tg,kq6g.0,23722,23918,JÄGER,18,eine,ART,ein,7573,,
tg,kq6g.0,23722,23918,JÄGER,18,Fee,NN,fee,7573,,
tg,kq6g.0,23722,23918,JÄGER,18,den,ART,der,7573,,
tg,kq6g.0,23722,23918,JÄGER,18,Becher,NN,becher,7573,,
tg,kq6g.0,23722,23918,JÄGER,18,zu,PTKZU,zu,7573,,
tg,kq6g.0,23722,23918,JÄGER,18,kredenzen,VVINF,kredenzen,7573,,
tg,kq6g.0,23722,23918,JÄGER,18,;,$.,--,7573,,
tg,kq6g.0,23722,23918,JÄGER,18,Doch,KON,doch,7573,,
tg,kq6g.0,23722,23918,JÄGER,18,",","$,",--,7573,,
tg,kq6g.0,23722,23918,JÄGER,18,holdes,ADJA,hold,7573,,
tg,kq6g.0,23722,23918,JÄGER,18,Mädchen,NN,mädchen,7573,,
tg,kq6g.0,23722,23918,JÄGER,18,",","$,",--,7573,,
tg,kq6g.0,23722,23918,JÄGER,18,nippen,VVFIN,nippen,7573,,
tg,kq6g.0,23722,23918,JÄGER,18,mußt,VMFIN,mussen,7573,,
tg,kq6g.0,23722,23918,JÄGER,18,du,PPER,du,7573,,
tg,kq6g.0,23722,23918,JÄGER,18,auch,ADV,auch,7573,,
tg,kq6g.0,23722,23918,JÄGER,18,",","$,",--,7573,,
tg,kq6g.0,23722,23918,JÄGER,18,Bei,APPR,bei,7573,,
tg,kq6g.0,23722,23918,JÄGER,18,Rosenlippen,NN,rosenlippe,7573,,
tg,kq6g.0,23722,23918,JÄGER,18,ist's,VVFIN,ist's,7573,,
tg,kq6g.0,23722,23918,JÄGER,18,ein,ART,ein,7573,,
tg,kq6g.0,23722,23918,JÄGER,18,alter,ADJA,alt,7573,,
tg,kq6g.0,23722,23918,JÄGER,18,Brauch,NN,brauch,7573,,
tg,kq6g.0,23722,23918,JÄGER,18,.,$.,--,7573,,
tg,kq6g.0,23924,23999,"Vasco, (Baß)",3,Seht,NE,sehen,7573,,
tg,kq6g.0,23924,23999,"Vasco, (Baß)",3,nur,ADV,nur,7573,,
tg,kq6g.0,23924,23999,"Vasco, (Baß)",3,",","$,",--,7573,,
tg,kq6g.0,23924,23999,"Vasco, (Baß)",3,wie,PWAV,wie,7573,,
tg,kq6g.0,23924,23999,"Vasco, (Baß)",3,kirr,ADJD,kirr,7573,,
tg,kq6g.0,23924,23999,"Vasco, (Baß)",3,',$[,--,7573,,
tg,kq6g.0,23924,23999,"Vasco, (Baß)",3,er,PPER,er,7573,,
tg,kq6g.0,23924,23999,"Vasco, (Baß)",3,jetzt,ADV,jetzt,7573,,
tg,kq6g.0,23924,23999,"Vasco, (Baß)",3,geworden,VAPP,werden,7573,,
tg,kq6g.0,23924,23999,"Vasco, (Baß)",3,"!",$.,--,7573,,
tg,kq6g.0,24004,24310,AMBROSIO UND PEDRO,13,Nicht,PTKNEG,nicht,7573,,
tg,kq6g.0,24004,24310,AMBROSIO UND PEDRO,13,dürfen,VMFIN,dürfen,7573,,
tg,kq6g.0,24004,24310,AMBROSIO UND PEDRO,13,wir,PPER,wir,7573,,
tg,kq6g.0,24004,24310,AMBROSIO UND PEDRO,13,den,ART,der,7573,,
tg,kq6g.0,24004,24310,AMBROSIO UND PEDRO,13,Gast,NN,gast,7573,,
tg,kq6g.0,24004,24310,AMBROSIO UND PEDRO,13,ermorden,VVFIN,ermorden,7573,,
tg,kq6g.0,24004,24310,AMBROSIO UND PEDRO,13,",","$,",--,7573,,
tg,kq6g.0,24004,24310,AMBROSIO UND PEDRO,13,Ruht,VVFIN,ruhen,7573,,
tg,kq6g.0,24004,24310,AMBROSIO UND PEDRO,13,er,PPER,er,7573,,
tg,kq6g.0,24004,24310,AMBROSIO UND PEDRO,13,in,APPR,in,7573,,
tg,kq6g.0,24004,24310,AMBROSIO UND PEDRO,13,unsrer,ADJA,unsrer,7573,,
tg,kq6g.0,24004,24310,AMBROSIO UND PEDRO,13,Hütte,NN,hütte,7573,,
tg,kq6g.0,24004,24310,AMBROSIO UND PEDRO,13,Schoß,NN,schoß,7573,,
tg,kq6g.0,24004,24310,AMBROSIO UND PEDRO,13,.,$.,--,7573,,
tg,kq6g.0,24004,24310,AMBROSIO UND PEDRO,13,Er,PPER,er,7573,,
tg,kq6g.0,24004,24310,AMBROSIO UND PEDRO,13,stürzet,VVFIN,stürzeen,7573,,
tg,kq6g.0,24004,24310,AMBROSIO UND PEDRO,13,uns,PPER,uns,7573,,
tg,kq6g.0,24004,24310,AMBROSIO UND PEDRO,13,noch,ADV,noch,7573,,
tg,kq6g.0,24004,24310,AMBROSIO UND PEDRO,13,ins,APPRART,in,7573,,
tg,kq6g.0,24004,24310,AMBROSIO UND PEDRO,13,Verderben,NN,verderben,7573,,
tg,kq6g.0,24004,24310,AMBROSIO UND PEDRO,13,",","$,",--,7573,,
tg,kq6g.0,24004,24310,AMBROSIO UND PEDRO,13,Die,ART,der,7573,,
tg,kq6g.0,24004,24310,AMBROSIO UND PEDRO,13,Hölle,NN,hölle,7573,,
tg,kq6g.0,24004,24310,AMBROSIO UND PEDRO,13,glüht,VVFIN,glühen,7573,,
tg,kq6g.0,24004,24310,AMBROSIO UND PEDRO,13,in,APPR,in,7573,,
tg,kq6g.0,24004,24310,AMBROSIO UND PEDRO,13,seinem,PPOSAT,sein,7573,,
tg,kq6g.0,24004,24310,AMBROSIO UND PEDRO,13,Blick,NN,blick,7573,,
tg,kq6g.0,24004,24310,AMBROSIO UND PEDRO,13,.,$.,--,7573,,
tg,kq6g.0,24004,24310,AMBROSIO UND PEDRO,13,Wohl,ADV,wohl,7573,,
tg,kq6g.0,24004,24310,AMBROSIO UND PEDRO,13,möcht,VVFIN,möchen,7573,,
tg,kq6g.0,24004,24310,AMBROSIO UND PEDRO,13,',$[,--,7573,,
tg,kq6g.0,24004,24310,AMBROSIO UND PEDRO,13,ich,PPER,ich,7573,AMBROSIO UND PEDRO,13
tg,kq6g.0,24004,24310,AMBROSIO UND PEDRO,13,gerne,ADV,gerne,7573,,
tg,kq6g.0,24004,24310,AMBROSIO UND PEDRO,13,Gold,NN,gold,7573,,
tg,kq6g.0,24004,24310,AMBROSIO UND PEDRO,13,erwerben,VVINF,erwerben,7573,,
tg,kq6g.0,24004,24310,AMBROSIO UND PEDRO,13,",","$,",--,7573,,
tg,kq6g.0,24004,24310,AMBROSIO UND PEDRO,13,Doch,KON,doch,7573,,
tg,kq6g.0,24004,24310,AMBROSIO UND PEDRO,13,beb,VVFIN,beb,7573,,
tg,kq6g.0,24004,24310,AMBROSIO UND PEDRO,13,',$[,--,7573,,
tg,kq6g.0,24004,24310,AMBROSIO UND PEDRO,13,ich,PPER,ich,7573,AMBROSIO UND PEDRO,13
tg,kq6g.0,24004,24310,AMBROSIO UND PEDRO,13,vor,APPR,vor,7573,,
tg,kq6g.0,24004,24310,AMBROSIO UND PEDRO,13,dem,ART,der,7573,,
tg,kq6g.0,24004,24310,AMBROSIO UND PEDRO,13,Mord,NN,mord,7573,,
tg,kq6g.0,24004,24310,AMBROSIO UND PEDRO,13,zurück,PTKVZ,zurück,7573,,
tg,kq6g.0,24004,24310,AMBROSIO UND PEDRO,13,.,$.,--,7573,,
tg,kq6g.0,24317,24486,"Vasco, (Baß)",3,Geworfen,NN,gewerfen,7573,,
tg,kq6g.0,24317,24486,"Vasco, (Baß)",3,ist,VAFIN,sein,7573,,
tg,kq6g.0,24317,24486,"Vasco, (Baß)",3,sein,PPOSAT,sein,7573,,
tg,kq6g.0,24317,24486,"Vasco, (Baß)",3,dunkles,ADJA,dunkl,7573,,
tg,kq6g.0,24317,24486,"Vasco, (Baß)",3,Los,NN,los,7573,,
tg,kq6g.0,24317,24486,"Vasco, (Baß)",3,"!",$.,--,7573,,
tg,kq6g.0,24317,24486,"Vasco, (Baß)",3,Bedenkt,NN,bedenken,7573,,
tg,kq6g.0,24317,24486,"Vasco, (Baß)",3,ihr,PPOSAT,ihr,7573,,
tg,kq6g.0,24317,24486,"Vasco, (Baß)",3,euch,PRF,euch,7573,,
tg,kq6g.0,24317,24486,"Vasco, (Baß)",3,",","$,",--,7573,,
tg,kq6g.0,24317,24486,"Vasco, (Baß)",3,nehm,ADJD,nehm,7573,,
tg,kq6g.0,24317,24486,"Vasco, (Baß)",3,',$[,--,7573,,
tg,kq6g.0,24317,24486,"Vasco, (Baß)",3,ich,PPER,ich,7573,"Vasco, (Baß)",3
tg,kq6g.0,24317,24486,"Vasco, (Baß)",3,die,ART,der,7573,,
tg,kq6g.0,24317,24486,"Vasco, (Baß)",3,That,NE,that,7573,,
tg,kq6g.0,24317,24486,"Vasco, (Baß)",3,auf,APPR,auf,7573,,
tg,kq6g.0,24317,24486,"Vasco, (Baß)",3,mich,PPER,mich,7573,"Vasco, (Baß)",3
tg,kq6g.0,24317,24486,"Vasco, (Baß)",3,.,$.,--,7573,,
tg,kq6g.0,24317,24486,"Vasco, (Baß)",3,Er,PPER,er,7573,,
tg,kq6g.0,24317,24486,"Vasco, (Baß)",3,küßte,VVFIN,küßen,7573,,
tg,kq6g.0,24317,24486,"Vasco, (Baß)",3,sie,PPER,sie,7573,,
tg,kq6g.0,24317,24486,"Vasco, (Baß)",3,",","$,",--,7573,,
tg,kq6g.0,24317,24486,"Vasco, (Baß)",3,den,ART,der,7573,,
tg,kq6g.0,24317,24486,"Vasco, (Baß)",3,Kuß,NN,kuß,7573,,
tg,kq6g.0,24317,24486,"Vasco, (Baß)",3,bezahlt,VVPP,bezahlen,7573,,
tg,kq6g.0,24317,24486,"Vasco, (Baß)",3,ein,ART,ein,7573,,
tg,kq6g.0,24317,24486,"Vasco, (Baß)",3,Stich,NN,stich,7573,,
tg,kq6g.0,24317,24486,"Vasco, (Baß)",3,.,$.,--,7573,,
tg,kq6g.0,24492,24659,"Gabriele, seine Nichte, (Sopran)",2,Nicht,PTKNEG,nicht,7573,,
tg,kq6g.0,24492,24659,"Gabriele, seine Nichte, (Sopran)",2,trau,ADV,trau,7573,,
tg,kq6g.0,24492,24659,"Gabriele, seine Nichte, (Sopran)",2,',$[,--,7573,,
tg,kq6g.0,24492,24659,"Gabriele, seine Nichte, (Sopran)",2,ich,PPER,ich,7573,"Gabriele, seine Nichte, (Sopran)",2
tg,kq6g.0,24492,24659,"Gabriele, seine Nichte, (Sopran)",2,Vascos,NE,vasco,7573,,
tg,kq6g.0,24492,24659,"Gabriele, seine Nichte, (Sopran)",2,wilden,ADJA,wild,7573,,
tg,kq6g.0,24492,24659,"Gabriele, seine Nichte, (Sopran)",2,Blicken,VVFIN,blick,7573,,
tg,kq6g.0,24492,24659,"Gabriele, seine Nichte, (Sopran)",2,",","$,",--,7573,,
tg,kq6g.0,24492,24659,"Gabriele, seine Nichte, (Sopran)",2,Schon,ADV,schon,7573,,
tg,kq6g.0,24492,24659,"Gabriele, seine Nichte, (Sopran)",2,übt,VVFIN,üben,7573,,
tg,kq6g.0,24492,24659,"Gabriele, seine Nichte, (Sopran)",2,',$[,--,7573,,
tg,kq6g.0,24492,24659,"Gabriele, seine Nichte, (Sopran)",2,er,PPER,er,7573,,
tg,kq6g.0,24492,24659,"Gabriele, seine Nichte, (Sopran)",2,manche,PIAT,mancher,7573,,
tg,kq6g.0,24492,24659,"Gabriele, seine Nichte, (Sopran)",2,Frevelthat,NN,frevelthat,7573,,
tg,kq6g.0,24492,24659,"Gabriele, seine Nichte, (Sopran)",2,;,$.,--,7573,,
tg,kq6g.0,24492,24659,"Gabriele, seine Nichte, (Sopran)",2,Ich,PPER,ich,7573,,
tg,kq6g.0,24492,24659,"Gabriele, seine Nichte, (Sopran)",2,kann,VMFIN,können,7573,,
tg,kq6g.0,24492,24659,"Gabriele, seine Nichte, (Sopran)",2,die,ART,der,7573,,
tg,kq6g.0,24492,24659,"Gabriele, seine Nichte, (Sopran)",2,Angst,NN,angst,7573,,
tg,kq6g.0,24492,24659,"Gabriele, seine Nichte, (Sopran)",2,nicht,PTKNEG,nicht,7573,,
tg,kq6g.0,24492,24659,"Gabriele, seine Nichte, (Sopran)",2,unterdrücken,VVINF,unterdrücken,7573,,
tg,kq6g.0,24492,24659,"Gabriele, seine Nichte, (Sopran)",2,",","$,",--,7573,,
tg,kq6g.0,24492,24659,"Gabriele, seine Nichte, (Sopran)",2,Dem,ART,der,7573,,
tg,kq6g.0,24492,24659,"Gabriele, seine Nichte, (Sopran)",2,Fremden,NN,fremde,7573,,
tg,kq6g.0,24492,24659,"Gabriele, seine Nichte, (Sopran)",2,drohet,VVFIN,drohet,7573,,
tg,kq6g.0,24492,24659,"Gabriele, seine Nichte, (Sopran)",2,hier,ADV,hier,7573,,
tg,kq6g.0,24492,24659,"Gabriele, seine Nichte, (Sopran)",2,Verrat,NN,verrat,7573,,
tg,kq6g.0,24492,24659,"Gabriele, seine Nichte, (Sopran)",2,.,$.,--,7573,,
tg,kq6g.0,24666,24946,JÄGER,18,Wie,PWAV,wie,7573,,
tg,kq6g.0,24666,24946,JÄGER,18,sich,PRF,sich,7573,,
tg,kq6g.0,24666,24946,JÄGER,18,mit,APPR,mit,7573,,
tg,kq6g.0,24666,24946,JÄGER,18,Gold,NN,gold,7573,,
tg,kq6g.0,24666,24946,JÄGER,18,die,ART,der,7573,,
tg,kq6g.0,24666,24946,JÄGER,18,Wolken,NN,wolke,7573,,
tg,kq6g.0,24666,24946,JÄGER,18,säumen,VVINF,säumen,7573,,
tg,kq6g.0,24666,24946,JÄGER,18,"!",$.,--,7573,,
tg,kq6g.0,24666,24946,JÄGER,18,Wie,PWAV,wie,7573,,
tg,kq6g.0,24666,24946,JÄGER,18,schön,ADJD,schön,7573,,
tg,kq6g.0,24666,24946,JÄGER,18,ist's,ADJD,ist's,7573,,
tg,kq6g.0,24666,24946,JÄGER,18,hier,ADV,hier,7573,,
tg,kq6g.0,24666,24946,JÄGER,18,in,APPR,in,7573,,
tg,kq6g.0,24666,24946,JÄGER,18,diesem,PDAT,dieser,7573,,
tg,kq6g.0,24666,24946,JÄGER,18,Thal,NN,thal,7573,,
tg,kq6g.0,24666,24946,JÄGER,18,"!",$.,--,7573,,
tg,kq6g.0,24666,24946,JÄGER,18,An,APPR,an,7573,,
tg,kq6g.0,24666,24946,JÄGER,18,deiner,ADJA,dein,7573,,
tg,kq6g.0,24666,24946,JÄGER,18,Seite,NN,seite,7573,,
tg,kq6g.0,24666,24946,JÄGER,18,laß,VVFIN,lassen,7573,,
tg,kq6g.0,24666,24946,JÄGER,18,mich,PPER,mich,7573,JÄGER,18
tg,kq6g.0,24666,24946,JÄGER,18,träumen,VVINF,träumen,7573,,
tg,kq6g.0,24666,24946,JÄGER,18,",","$,",--,7573,,
tg,kq6g.0,24666,24946,JÄGER,18,Ich,PPER,ich,7573,,
tg,kq6g.0,24666,24946,JÄGER,18,sei,VAFIN,sein,7573,,
tg,kq6g.0,24666,24946,JÄGER,18,ein,ART,ein,7573,,
tg,kq6g.0,24666,24946,JÄGER,18,Hirt,NN,hirt,7573,,
tg,kq6g.0,24666,24946,JÄGER,18,beim,APPRART,bei,7573,,
tg,kq6g.0,24666,24946,JÄGER,18,Hirtenmahl,NN,hirtenmahl,7573,,
tg,kq6g.0,24666,24946,JÄGER,18,.,$.,--,7573,,
tg,kq6g.0,25143,25264,CHOR DER HIRTEN,16,Vom,APPRART,von,7573,,
tg,kq6g.0,25143,25264,CHOR DER HIRTEN,16,Berg,NN,berg,7573,,
tg,kq6g.0,25143,25264,CHOR DER HIRTEN,16,ziehn,VVFIN,ziehn,7573,,
tg,kq6g.0,25143,25264,CHOR DER HIRTEN,16,wir,PPER,wir,7573,,
tg,kq6g.0,25143,25264,CHOR DER HIRTEN,16,hernieder,ADV,hernieder,7573,,
tg,kq6g.0,25143,25264,CHOR DER HIRTEN,16,Ins,APPRART,in,7573,,
tg,kq6g.0,25143,25264,CHOR DER HIRTEN,16,freundlich,ADJD,freundlich,7573,,
tg,kq6g.0,25143,25264,CHOR DER HIRTEN,16,stille,ADJA,still,7573,,
tg,kq6g.0,25143,25264,CHOR DER HIRTEN,16,Thal,NN,thal,7573,,
tg,kq6g.0,25143,25264,CHOR DER HIRTEN,16,;,$.,--,7573,,
tg,kq6g.0,25143,25264,CHOR DER HIRTEN,16,Es,PPER,es,7573,,
tg,kq6g.0,25143,25264,CHOR DER HIRTEN,16,tönen,VVFIN,tönen,7573,,
tg,kq6g.0,25143,25264,CHOR DER HIRTEN,16,unsre,ADJA,unsr,7573,,
tg,kq6g.0,25143,25264,CHOR DER HIRTEN,16,Lieder,NN,lied,7573,,
tg,kq6g.0,25143,25264,CHOR DER HIRTEN,16,Im,APPRART,in,7573,,
tg,kq6g.0,25143,25264,CHOR DER HIRTEN,16,Abendsonnenstrahl,NN,abendsonnenstrahl,7573,,
tg,kq6g.0,25143,25264,CHOR DER HIRTEN,16,.,$.,--,7573,,
tg,kq6g.0,25270,25378,JÄGER,18,Die,ART,der,7573,,
tg,kq6g.0,25270,25378,JÄGER,18,Hirten,NN,hirte,7573,,
tg,kq6g.0,25270,25378,JÄGER,18,ziehn,CARD,ziehn,7573,,
tg,kq6g.0,25270,25378,JÄGER,18,hernieder,ADJA,hernieder,7573,,
tg,kq6g.0,25270,25378,JÄGER,18,Ins,APPRART,in,7573,,
tg,kq6g.0,25270,25378,JÄGER,18,freundlich,ADJD,freundlich,7573,,
tg,kq6g.0,25270,25378,JÄGER,18,stille,ADJA,still,7573,,
tg,kq6g.0,25270,25378,JÄGER,18,Thal,NN,thal,7573,,
tg,kq6g.0,25270,25378,JÄGER,18,;,$.,--,7573,,
tg,kq6g.0,25270,25378,JÄGER,18,Es,PPER,es,7573,,
tg,kq6g.0,25270,25378,JÄGER,18,tönen,VVFIN,tönen,7573,,
tg,kq6g.0,25270,25378,JÄGER,18,ihre,PPOSAT,ihr,7573,,
tg,kq6g.0,25270,25378,JÄGER,18,Lieder,NN,lied,7573,,
tg,kq6g.0,25270,25378,JÄGER,18,Im,APPRART,in,7573,,
tg,kq6g.0,25270,25378,JÄGER,18,Abendsonnenstrahl,NN,abendsonnenstrahl,7573,,
tg,kq6g.0,25270,25378,JÄGER,18,.,$.,--,7573,,
tg,kq6g.0,25384,25454,JÄGER UND CHOR,10,Es,PPER,es,7573,,
tg,kq6g.0,25384,25454,JÄGER UND CHOR,10,tönen,VVFIN,tönen,7573,,
tg,kq6g.0,25384,25454,JÄGER UND CHOR,10,ihre,PPOSAT,ihr,7573,,
tg,kq6g.0,25384,25454,JÄGER UND CHOR,10,/,NN,--,7573,,
tg,kq6g.0,25384,25454,JÄGER UND CHOR,10,unsre,ADJA,unsr,7573,,
tg,kq6g.0,25384,25454,JÄGER UND CHOR,10,Lieder,NN,lied,7573,,
tg,kq6g.0,25384,25454,JÄGER UND CHOR,10,Im,APPRART,in,7573,,
tg,kq6g.0,25384,25454,JÄGER UND CHOR,10,Abendsonnenstrahl,NN,abendsonnenstrahl,7573,,
tg,kq6g.0,25384,25454,JÄGER UND CHOR,10,.,$.,--,7573,,
tg,kq6g.0,25384,25454,JÄGER UND CHOR,10,–,XY,–,7573,,
tg,kq6g.0,25460,25589,CHOR DER HIRTEN,16,Wir,PPER,wir,7573,,
tg,kq6g.0,25460,25589,CHOR DER HIRTEN,16,kennen,VVFIN,kennen,7573,,
tg,kq6g.0,25460,25589,CHOR DER HIRTEN,16,nicht,PTKNEG,nicht,7573,,
tg,kq6g.0,25460,25589,CHOR DER HIRTEN,16,Beschwerden,NN,beschwerde,7573,,
tg,kq6g.0,25460,25589,CHOR DER HIRTEN,16,",","$,",--,7573,,
tg,kq6g.0,25460,25589,CHOR DER HIRTEN,16,Wir,PPER,wir,7573,,
tg,kq6g.0,25460,25589,CHOR DER HIRTEN,16,weiden,VVFIN,weiden,7573,,
tg,kq6g.0,25460,25589,CHOR DER HIRTEN,16,unsre,ADJA,unsr,7573,,
tg,kq6g.0,25460,25589,CHOR DER HIRTEN,16,Herden,NN,herde,7573,,
tg,kq6g.0,25460,25589,CHOR DER HIRTEN,16,",","$,",--,7573,,
tg,kq6g.0,25460,25589,CHOR DER HIRTEN,16,Und,KON,und,7573,,
tg,kq6g.0,25460,25589,CHOR DER HIRTEN,16,was,PWS,was,7573,,
tg,kq6g.0,25460,25589,CHOR DER HIRTEN,16,uns,PRF,uns,7573,,
tg,kq6g.0,25460,25589,CHOR DER HIRTEN,16,heut,ADV,heut,7573,,
tg,kq6g.0,25460,25589,CHOR DER HIRTEN,16,',$[,--,7573,,
tg,kq6g.0,25460,25589,CHOR DER HIRTEN,16,erfreut,VVPP,erfreuen,7573,,
tg,kq6g.0,25460,25589,CHOR DER HIRTEN,16,",","$,",--,7573,,
tg,kq6g.0,25460,25589,CHOR DER HIRTEN,16,Wird,VAFIN,werden,7573,,
tg,kq6g.0,25460,25589,CHOR DER HIRTEN,16,morgen,ADV,morgen,7573,,
tg,kq6g.0,25460,25589,CHOR DER HIRTEN,16,froh,ADJD,froh,7573,,
tg,kq6g.0,25460,25589,CHOR DER HIRTEN,16,erneut,ADJD,erneut,7573,,
tg,kq6g.0,25460,25589,CHOR DER HIRTEN,16,.,$.,--,7573,,
tg,kq6g.0,25595,25665,"Gabriele, seine Nichte, (Sopran)",2,Was,PWS,was,7573,,
tg,kq6g.0,25595,25665,"Gabriele, seine Nichte, (Sopran)",2,ihren,PPOSAT,ihr,7573,,
tg,kq6g.0,25595,25665,"Gabriele, seine Nichte, (Sopran)",2,Sinn,NN,sinn,7573,,
tg,kq6g.0,25595,25665,"Gabriele, seine Nichte, (Sopran)",2,erfreut,VVPP,erfreuen,7573,,
tg,kq6g.0,25595,25665,"Gabriele, seine Nichte, (Sopran)",2,",","$,",--,7573,,
tg,kq6g.0,25595,25665,"Gabriele, seine Nichte, (Sopran)",2,Nur,ADV,nur,7573,,
tg,kq6g.0,25595,25665,"Gabriele, seine Nichte, (Sopran)",2,meine,PPOSAT,mein,7573,"Gabriele, seine Nichte, (Sopran)",2
tg,kq6g.0,25595,25665,"Gabriele, seine Nichte, (Sopran)",2,Angst,NN,angst,7573,,
tg,kq6g.0,25595,25665,"Gabriele, seine Nichte, (Sopran)",2,erneut,ADJD,erneut,7573,,
tg,kq6g.0,25595,25665,"Gabriele, seine Nichte, (Sopran)",2,.,$.,--,7573,,
tg,kq6g.0,25671,25792,CHOR DER HIRTEN,16,Vom,APPRART,von,7573,,
tg,kq6g.0,25671,25792,CHOR DER HIRTEN,16,Berg,NN,berg,7573,,
tg,kq6g.0,25671,25792,CHOR DER HIRTEN,16,ziehn,VVFIN,ziehn,7573,,
tg,kq6g.0,25671,25792,CHOR DER HIRTEN,16,wir,PPER,wir,7573,,
tg,kq6g.0,25671,25792,CHOR DER HIRTEN,16,hernieder,ADV,hernieder,7573,,
tg,kq6g.0,25671,25792,CHOR DER HIRTEN,16,Ins,APPRART,in,7573,,
tg,kq6g.0,25671,25792,CHOR DER HIRTEN,16,freundlich,ADJD,freundlich,7573,,
tg,kq6g.0,25671,25792,CHOR DER HIRTEN,16,stille,ADJA,still,7573,,
tg,kq6g.0,25671,25792,CHOR DER HIRTEN,16,Thal,NN,thal,7573,,
tg,kq6g.0,25671,25792,CHOR DER HIRTEN,16,;,$.,--,7573,,
tg,kq6g.0,25671,25792,CHOR DER HIRTEN,16,Es,PPER,es,7573,,
tg,kq6g.0,25671,25792,CHOR DER HIRTEN,16,tönen,VVFIN,tönen,7573,,
tg,kq6g.0,25671,25792,CHOR DER HIRTEN,16,unsre,ADJA,unsr,7573,,
tg,kq6g.0,25671,25792,CHOR DER HIRTEN,16,Lieder,NN,lied,7573,,
tg,kq6g.0,25671,25792,CHOR DER HIRTEN,16,Im,APPRART,in,7573,,
tg,kq6g.0,25671,25792,CHOR DER HIRTEN,16,Abendsonnenstrahl,NN,abendsonnenstrahl,7573,,
tg,kq6g.0,25671,25792,CHOR DER HIRTEN,16,.,$.,--,7573,,
tg,kq6g.0,25799,25862,JÄGER,18,Die,ART,der,7573,,
tg,kq6g.0,25799,25862,JÄGER,18,Hirten,NN,hirte,7573,,
tg,kq6g.0,25799,25862,JÄGER,18,ziehn,CARD,ziehn,7573,,
tg,kq6g.0,25799,25862,JÄGER,18,hernieder,ADJA,hernieder,7573,,
tg,kq6g.0,25799,25862,JÄGER,18,Ins,APPRART,in,7573,,
tg,kq6g.0,25799,25862,JÄGER,18,freundlich,ADJD,freundlich,7573,,
tg,kq6g.0,25799,25862,JÄGER,18,stille,ADJA,still,7573,,
tg,kq6g.0,25799,25862,JÄGER,18,Thal,NN,thal,7573,,
tg,kq6g.0,25799,25862,JÄGER,18,.,$.,--,7573,,
tg,kq6g.0,25868,25943,CHOR DER HIRTEN,16,Vom,APPRART,von,7573,,
tg,kq6g.0,25868,25943,CHOR DER HIRTEN,16,Berg,NN,berg,7573,,
tg,kq6g.0,25868,25943,CHOR DER HIRTEN,16,ziehn,VVFIN,ziehn,7573,,
tg,kq6g.0,25868,25943,CHOR DER HIRTEN,16,wir,PPER,wir,7573,,
tg,kq6g.0,25868,25943,CHOR DER HIRTEN,16,hernieder,ADV,hernieder,7573,,
tg,kq6g.0,25868,25943,CHOR DER HIRTEN,16,Ins,APPRART,in,7573,,
tg,kq6g.0,25868,25943,CHOR DER HIRTEN,16,freundlich,ADJD,freundlich,7573,,
tg,kq6g.0,25868,25943,CHOR DER HIRTEN,16,stille,ADJA,still,7573,,
tg,kq6g.0,25868,25943,CHOR DER HIRTEN,16,Thal,NN,thal,7573,,
tg,kq6g.0,25868,25943,CHOR DER HIRTEN,16,.,$.,--,7573,,
tg,kq6g.0,25949,26000,JÄGER,18,Es,PPER,es,7573,,
tg,kq6g.0,25949,26000,JÄGER,18,tönen,VVFIN,tönen,7573,,
tg,kq6g.0,25949,26000,JÄGER,18,ihre,PPOSAT,ihr,7573,,
tg,kq6g.0,25949,26000,JÄGER,18,Lieder,NN,lied,7573,,
tg,kq6g.0,25949,26000,JÄGER,18,Im,APPRART,in,7573,,
tg,kq6g.0,25949,26000,JÄGER,18,Abendsonnenstrahl,NN,abendsonnenstrahl,7573,,
tg,kq6g.0,25949,26000,JÄGER,18,.,$.,--,7573,,
tg,kq6g.0,26006,26204,JÄGER UND CHOR,10,Es,PPER,es,7573,,
tg,kq6g.0,26006,26204,JÄGER UND CHOR,10,tönen,VVFIN,tönen,7573,,
tg,kq6g.0,26006,26204,JÄGER UND CHOR,10,ihre,PPOSAT,ihr,7573,,
tg,kq6g.0,26006,26204,JÄGER UND CHOR,10,Lieder,NN,lied,7573,,
tg,kq6g.0,26006,26204,JÄGER UND CHOR,10,Es,PPER,es,7573,,
tg,kq6g.0,26006,26204,JÄGER UND CHOR,10,tönen,VVFIN,tönen,7573,,
tg,kq6g.0,26006,26204,JÄGER UND CHOR,10,unsre,ADJA,unsr,7573,,
tg,kq6g.0,26006,26204,JÄGER UND CHOR,10,Lieder,NN,lied,7573,,
tg,kq6g.0,26006,26204,JÄGER UND CHOR,10,Im,APPRART,in,7573,,
tg,kq6g.0,26006,26204,JÄGER UND CHOR,10,Abendsonnenstrahl,NN,abendsonnenstrahl,7573,,
tg,kq6g.0,26006,26204,JÄGER UND CHOR,10,.,$.,--,7573,,
tg,kq6g.0,26210,26524,CHOR DER HIRTEN,16,Seht,VVFIN,sehen,7573,,
tg,kq6g.0,26210,26524,CHOR DER HIRTEN,16,den,ART,der,7573,,
tg,kq6g.0,26210,26524,CHOR DER HIRTEN,16,Jäger,NE,jäger,7573,,
tg,kq6g.0,26210,26524,CHOR DER HIRTEN,16,",","$,",--,7573,,
tg,kq6g.0,26210,26524,CHOR DER HIRTEN,16,schmuck,ADJD,schmuck,7573,,
tg,kq6g.0,26210,26524,CHOR DER HIRTEN,16,und,KON,und,7573,,
tg,kq6g.0,26210,26524,CHOR DER HIRTEN,16,fein,ADJD,fein,7573,,
tg,kq6g.0,26210,26524,CHOR DER HIRTEN,16,"!",$.,--,7573,,
tg,kq6g.0,26210,26524,CHOR DER HIRTEN,16,Wer,PWS,wer,7573,,
tg,kq6g.0,26210,26524,CHOR DER HIRTEN,16,mag,VMFIN,mögen,7573,,
tg,kq6g.0,26210,26524,CHOR DER HIRTEN,16,wohl,ADV,wohl,7573,,
tg,kq6g.0,26210,26524,CHOR DER HIRTEN,16,der,ART,der,7573,,
tg,kq6g.0,26210,26524,CHOR DER HIRTEN,16,Fremde,NN,fremde,7573,,
tg,kq6g.0,26210,26524,CHOR DER HIRTEN,16,sein,VAINF,sein,7573,,
tg,kq6g.0,26210,26524,CHOR DER HIRTEN,16,?,$.,--,7573,,
tg,kq6g.0,26210,26524,CHOR DER HIRTEN,16,Seht,VVFIN,sehen,7573,,
tg,kq6g.0,26210,26524,CHOR DER HIRTEN,16,den,ART,der,7573,,
tg,kq6g.0,26210,26524,CHOR DER HIRTEN,16,Blick,NN,blick,7573,,
tg,kq6g.0,26210,26524,CHOR DER HIRTEN,16,",","$,",--,7573,,
tg,kq6g.0,26210,26524,CHOR DER HIRTEN,16,das,ART,der,7573,,
tg,kq6g.0,26210,26524,CHOR DER HIRTEN,16,edle,ADJA,edel,7573,,
tg,kq6g.0,26210,26524,CHOR DER HIRTEN,16,Wesen,NN,wesen,7573,,
tg,kq6g.0,26210,26524,CHOR DER HIRTEN,16,",","$,",--,7573,,
tg,kq6g.0,26210,26524,CHOR DER HIRTEN,16,Wie,PWAV,wie,7573,,
tg,kq6g.0,26210,26524,CHOR DER HIRTEN,16,zum,APPRART,zu,7573,,
tg,kq6g.0,26210,26524,CHOR DER HIRTEN,16,Herrschen,NN,herrsch,7573,,
tg,kq6g.0,26210,26524,CHOR DER HIRTEN,16,auserlesen,VVINF,auserlesen,7573,,
tg,kq6g.0,26210,26524,CHOR DER HIRTEN,16,"!",$.,--,7573,,
tg,kq6g.0,26210,26524,CHOR DER HIRTEN,16,In,APPR,in,7573,,
tg,kq6g.0,26210,26524,CHOR DER HIRTEN,16,dem,ART,der,7573,,
tg,kq6g.0,26210,26524,CHOR DER HIRTEN,16,schlichten,ADJA,schlicht,7573,,
tg,kq6g.0,26210,26524,CHOR DER HIRTEN,16,Jagdgewand,NN,jagdgewand,7573,,
tg,kq6g.0,26210,26524,CHOR DER HIRTEN,16,Scheint,VVFIN,scheint,7573,,
tg,kq6g.0,26210,26524,CHOR DER HIRTEN,16,er,PPER,er,7573,,
tg,kq6g.0,26210,26524,CHOR DER HIRTEN,16,doch,ADV,doch,7573,,
tg,kq6g.0,26210,26524,CHOR DER HIRTEN,16,von,APPR,von,7573,,
tg,kq6g.0,26210,26524,CHOR DER HIRTEN,16,hohem,ADJA,hoch,7573,,
tg,kq6g.0,26210,26524,CHOR DER HIRTEN,16,Stand,NN,stand,7573,,
tg,kq6g.0,26210,26524,CHOR DER HIRTEN,16,"!",$.,--,7573,,
tg,kq6g.0,26530,26763,"Gabriele, seine Nichte, (Sopran)",2,Zeigt,ADJA,zeigen,7573,,
tg,kq6g.0,26530,26763,"Gabriele, seine Nichte, (Sopran)",2,dem,ART,der,7573,,
tg,kq6g.0,26530,26763,"Gabriele, seine Nichte, (Sopran)",2,Gast,NN,gast,7573,,
tg,kq6g.0,26530,26763,"Gabriele, seine Nichte, (Sopran)",2,",","$,",--,7573,,
tg,kq6g.0,26530,26763,"Gabriele, seine Nichte, (Sopran)",2,daß,KOUS,daß,7573,,
tg,kq6g.0,26530,26763,"Gabriele, seine Nichte, (Sopran)",2,er,PPER,er,7573,,
tg,kq6g.0,26530,26763,"Gabriele, seine Nichte, (Sopran)",2,willkommen,ADJD,willkommen,7573,,
tg,kq6g.0,26530,26763,"Gabriele, seine Nichte, (Sopran)",2,",","$,",--,7573,,
tg,kq6g.0,26530,26763,"Gabriele, seine Nichte, (Sopran)",2,Bietet,VVFIN,bietet,7573,,
tg,kq6g.0,26530,26763,"Gabriele, seine Nichte, (Sopran)",2,freundlich,ADJD,freundlich,7573,,
tg,kq6g.0,26530,26763,"Gabriele, seine Nichte, (Sopran)",2,ihm,PPER,ihm,7573,,
tg,kq6g.0,26530,26763,"Gabriele, seine Nichte, (Sopran)",2,die,ART,der,7573,,
tg,kq6g.0,26530,26763,"Gabriele, seine Nichte, (Sopran)",2,Hand,NN,hand,7573,,
tg,kq6g.0,26530,26763,"Gabriele, seine Nichte, (Sopran)",2,.,$.,--,7573,,
tg,kq6g.0,26530,26763,"Gabriele, seine Nichte, (Sopran)",2,Der,ART,der,7573,,
tg,kq6g.0,26530,26763,"Gabriele, seine Nichte, (Sopran)",2,Gefahr,NN,gefahr,7573,,
tg,kq6g.0,26530,26763,"Gabriele, seine Nichte, (Sopran)",2,muß,VMFIN,müssen,7573,,
tg,kq6g.0,26530,26763,"Gabriele, seine Nichte, (Sopran)",2,er,PPER,er,7573,,
tg,kq6g.0,26530,26763,"Gabriele, seine Nichte, (Sopran)",2,entkommen,VVINF,entkommen,7573,,
tg,kq6g.0,26530,26763,"Gabriele, seine Nichte, (Sopran)",2,",","$,",--,7573,,
tg,kq6g.0,26530,26763,"Gabriele, seine Nichte, (Sopran)",2,Wenn,KOUS,wenn,7573,,
tg,kq6g.0,26530,26763,"Gabriele, seine Nichte, (Sopran)",2,er,PPER,er,7573,,
tg,kq6g.0,26530,26763,"Gabriele, seine Nichte, (Sopran)",2,auch,ADV,auch,7573,,
tg,kq6g.0,26530,26763,"Gabriele, seine Nichte, (Sopran)",2,am,APPRART,an,7573,,
tg,kq6g.0,26530,26763,"Gabriele, seine Nichte, (Sopran)",2,Abgrund,NN,abgrund,7573,,
tg,kq6g.0,26530,26763,"Gabriele, seine Nichte, (Sopran)",2,stand,VVFIN,stehen,7573,,
tg,kq6g.0,26530,26763,"Gabriele, seine Nichte, (Sopran)",2,.,$.,--,7573,,
tg,kq6g.0,26769,26851,CHOR DER HIRTEN,16,Zeigt,ADJA,zeigen,7573,,
tg,kq6g.0,26769,26851,CHOR DER HIRTEN,16,dem,ART,der,7573,,
tg,kq6g.0,26769,26851,CHOR DER HIRTEN,16,Gast,NN,gast,7573,,
tg,kq6g.0,26769,26851,CHOR DER HIRTEN,16,",","$,",--,7573,,
tg,kq6g.0,26769,26851,CHOR DER HIRTEN,16,daß,KOUS,daß,7573,,
tg,kq6g.0,26769,26851,CHOR DER HIRTEN,16,er,PPER,er,7573,,
tg,kq6g.0,26769,26851,CHOR DER HIRTEN,16,willkommen,ADJD,willkommen,7573,,
tg,kq6g.0,26769,26851,CHOR DER HIRTEN,16,",","$,",--,7573,,
tg,kq6g.0,26769,26851,CHOR DER HIRTEN,16,Bietet,VVFIN,bieten,7573,,
tg,kq6g.0,26769,26851,CHOR DER HIRTEN,16,ihm,PPER,ihm,7573,,
tg,kq6g.0,26769,26851,CHOR DER HIRTEN,16,die,ART,der,7573,,
tg,kq6g.0,26769,26851,CHOR DER HIRTEN,16,Freundeshand,NN,freundeshand,7573,,
tg,kq6g.0,26769,26851,CHOR DER HIRTEN,16,.,$.,--,7573,,
tg,kq6g.0,26858,27016,GABRIELE UND CHOR,15,Freundlich,ADJD,freundlich,7573,,
tg,kq6g.0,26858,27016,GABRIELE UND CHOR,15,sei,VAFIN,sein,7573,,
tg,kq6g.0,26858,27016,GABRIELE UND CHOR,15,er,PPER,er,7573,,
tg,kq6g.0,26858,27016,GABRIELE UND CHOR,15,aufgenommen,VVPP,aufnehmen,7573,,
tg,kq6g.0,26858,27016,GABRIELE UND CHOR,15,In,APPR,in,7573,,
tg,kq6g.0,26858,27016,GABRIELE UND CHOR,15,dem,ART,der,7573,,
tg,kq6g.0,26858,27016,GABRIELE UND CHOR,15,heitern,ADJA,heitern,7573,,
tg,kq6g.0,26858,27016,GABRIELE UND CHOR,15,Vaterland,NN,vaterland,7573,,
tg,kq6g.0,26858,27016,GABRIELE UND CHOR,15,.,$.,--,7573,,
tg,kq6g.0,27022,27159,JÄGER,18,Nennt,NE,nennen,7573,,
tg,kq6g.0,27022,27159,JÄGER,18,ihr,PPOSAT,ihr,7573,,
tg,kq6g.0,27022,27159,JÄGER,18,freundlich,ADJD,freundlich,7573,,
tg,kq6g.0,27022,27159,JÄGER,18,mich,PRF,mich,7573,JÄGER,18
tg,kq6g.0,27022,27159,JÄGER,18,willkommen,ADJD,willkommen,7573,,
tg,kq6g.0,27022,27159,JÄGER,18,",","$,",--,7573,,
tg,kq6g.0,27022,27159,JÄGER,18,Biet,NE,biet,7573,,
tg,kq6g.0,27022,27159,JÄGER,18,',$[,--,7573,,
tg,kq6g.0,27022,27159,JÄGER,18,ich,PPER,ich,7573,JÄGER,18
tg,kq6g.0,27022,27159,JÄGER,18,euch,PRF,euch,7573,,
tg,kq6g.0,27022,27159,JÄGER,18,die,ART,der,7573,,
tg,kq6g.0,27022,27159,JÄGER,18,Freundeshand,NN,freundeshand,7573,,
tg,kq6g.0,27022,27159,JÄGER,18,.,$.,--,7573,,
tg,kq6g.0,27022,27159,JÄGER,18,Gerne,ADV,gerne,7573,,
tg,kq6g.0,27022,27159,JÄGER,18,sei,VAFIN,sein,7573,,
tg,kq6g.0,27022,27159,JÄGER,18,ich,PPER,ich,7573,JÄGER,18
tg,kq6g.0,27022,27159,JÄGER,18,aufgenommen,VVPP,aufnehmen,7573,,
tg,kq6g.0,27022,27159,JÄGER,18,In,APPR,in,7573,,
tg,kq6g.0,27022,27159,JÄGER,18,des,ART,der,7573,,
tg,kq6g.0,27022,27159,JÄGER,18,Spaniers,NN,spanier,7573,,
tg,kq6g.0,27022,27159,JÄGER,18,heiterm,APPRART,heiter,7573,,
tg,kq6g.0,27022,27159,JÄGER,18,Land,NN,land,7573,,
tg,kq6g.0,27022,27159,JÄGER,18,.,$.,--,7573,,
tg,kq6g.0,27165,27349,GABRIELE UND CHOR,15,Freundlich,ADJD,freundlich,7573,,
tg,kq6g.0,27165,27349,GABRIELE UND CHOR,15,sei,VAFIN,sein,7573,,
tg,kq6g.0,27165,27349,GABRIELE UND CHOR,15,er,PPER,er,7573,,
tg,kq6g.0,27165,27349,GABRIELE UND CHOR,15,aufgenommen,VVPP,aufnehmen,7573,,
tg,kq6g.0,27165,27349,GABRIELE UND CHOR,15,In,APPR,in,7573,,
tg,kq6g.0,27165,27349,GABRIELE UND CHOR,15,dem,ART,der,7573,,
tg,kq6g.0,27165,27349,GABRIELE UND CHOR,15,heitern,ADJA,heitern,7573,,
tg,kq6g.0,27165,27349,GABRIELE UND CHOR,15,Vaterland,NN,vaterland,7573,,
tg,kq6g.0,27165,27349,GABRIELE UND CHOR,15,.,$.,--,7573,,
tg,kq6g.0,27165,27349,GABRIELE UND CHOR,15,VASCO,NE,vasco,7573,,
tg,kq6g.0,27165,27349,GABRIELE UND CHOR,15,",","$,",--,7573,,
tg,kq6g.0,27165,27349,GABRIELE UND CHOR,15,AMBROSIO,NE,ambrosio,7573,AMBROSIO UND PEDRO,13
tg,kq6g.0,27165,27349,GABRIELE UND CHOR,15,UND,KON,und,7573,,
tg,kq6g.0,27165,27349,GABRIELE UND CHOR,15,PEDRO,NE,pedro,7573,,
tg,kq6g.0,27165,27349,GABRIELE UND CHOR,15,stehen,VVFIN,stehen,7573,,
tg,kq6g.0,27165,27349,GABRIELE UND CHOR,15,auf,PTKVZ,auf,7573,,
tg,kq6g.0,27165,27349,GABRIELE UND CHOR,15,",","$,",--,7573,,
tg,kq6g.0,27165,27349,GABRIELE UND CHOR,15,für,APPR,für,7573,,
tg,kq6g.0,27165,27349,GABRIELE UND CHOR,15,sich,PRF,sich,7573,,
tg,kq6g.0,27165,27349,GABRIELE UND CHOR,15,.,$.,--,7573,,
tg,kq6g.0,27165,27349,GABRIELE UND CHOR,15,Nimmer,ADJD,nimmer,7573,,
tg,kq6g.0,27165,27349,GABRIELE UND CHOR,15,soll,VMFIN,sollen,7573,,
tg,kq6g.0,27165,27349,GABRIELE UND CHOR,15,er,PPER,er,7573,,
tg,kq6g.0,27165,27349,GABRIELE UND CHOR,15,uns,PRF,uns,7573,,
tg,kq6g.0,27165,27349,GABRIELE UND CHOR,15,entkommen,VVINF,entkommen,7573,,
tg,kq6g.0,27165,27349,GABRIELE UND CHOR,15,",","$,",--,7573,,
tg,kq6g.0,27165,27349,GABRIELE UND CHOR,15,Ihn,CARD,ihn,7573,,
tg,kq6g.0,27165,27349,GABRIELE UND CHOR,15,erreichet,VVFIN,erreichet,7573,,
tg,kq6g.0,27165,27349,GABRIELE UND CHOR,15,unsre,ADJA,unsr,7573,,
tg,kq6g.0,27165,27349,GABRIELE UND CHOR,15,Hand,NN,hand,7573,,
tg,kq6g.0,27165,27349,GABRIELE UND CHOR,15,.,$.,--,7573,,
tg,kq6g.0,27355,27419,JÄGER,18,Gerne,ADV,gerne,7573,,
tg,kq6g.0,27355,27419,JÄGER,18,sei,VAFIN,sein,7573,,
tg,kq6g.0,27355,27419,JÄGER,18,ich,PPER,ich,7573,JÄGER,18
tg,kq6g.0,27355,27419,JÄGER,18,aufgenommen,VVPP,aufnehmen,7573,,
tg,kq6g.0,27355,27419,JÄGER,18,In,APPR,in,7573,,
tg,kq6g.0,27355,27419,JÄGER,18,des,ART,der,7573,,
tg,kq6g.0,27355,27419,JÄGER,18,Spaniers,NN,spanier,7573,,
tg,kq6g.0,27355,27419,JÄGER,18,heiterm,APPRART,heiter,7573,,
tg,kq6g.0,27355,27419,JÄGER,18,Land,NN,land,7573,,
tg,kq6g.0,27355,27419,JÄGER,18,.,$.,--,7573,,
tg,kq6g.0,27425,27534,GABRIELE UND CHOR,15,Freundlich,ADJD,freundlich,7573,,
tg,kq6g.0,27425,27534,GABRIELE UND CHOR,15,sei,VAFIN,sein,7573,,
tg,kq6g.0,27425,27534,GABRIELE UND CHOR,15,er,PPER,er,7573,,
tg,kq6g.0,27425,27534,GABRIELE UND CHOR,15,aufgenommen,VVPP,aufnehmen,7573,,
tg,kq6g.0,27425,27534,GABRIELE UND CHOR,15,In,APPR,in,7573,,
tg,kq6g.0,27425,27534,GABRIELE UND CHOR,15,dem,ART,der,7573,,
tg,kq6g.0,27425,27534,GABRIELE UND CHOR,15,heitern,ADJA,heitern,7573,,
tg,kq6g.0,27425,27534,GABRIELE UND CHOR,15,Vaterland,NN,vaterland,7573,,
tg,kq6g.0,27425,27534,GABRIELE UND CHOR,15,.,$.,--,7573,,
tg,kq6g.0,27540,27780,JÄGER,18,Nun,ADV,nun,7573,,
tg,kq6g.0,27540,27780,JÄGER,18,",","$,",--,7573,,
tg,kq6g.0,27540,27780,JÄGER,18,liebes,ADJA,lieb,7573,,
tg,kq6g.0,27540,27780,JÄGER,18,Mädchen,NN,mädchen,7573,,
tg,kq6g.0,27540,27780,JÄGER,18,",","$,",--,7573,,
tg,kq6g.0,27540,27780,JÄGER,18,Mir,PPER,sich,7573,,
tg,kq6g.0,27540,27780,JÄGER,18,das,ART,der,7573,,
tg,kq6g.0,27540,27780,JÄGER,18,Mahl,NN,mahl,7573,,
tg,kq6g.0,27540,27780,JÄGER,18,zu,PTKZU,zu,7573,,
tg,kq6g.0,27540,27780,JÄGER,18,würzen,VVINF,würzen,7573,,
tg,kq6g.0,27540,27780,JÄGER,18,",","$,",--,7573,,
tg,kq6g.0,27540,27780,JÄGER,18,Fehlt,VVFIN,fehlt,7573,,
tg,kq6g.0,27540,27780,JÄGER,18,nur,ADV,nur,7573,,
tg,kq6g.0,27540,27780,JÄGER,18,ein,ART,ein,7573,,
tg,kq6g.0,27540,27780,JÄGER,18,Lied,NN,lied,7573,,
tg,kq6g.0,27540,27780,JÄGER,18,und,KON,und,7573,,
tg,kq6g.0,27540,27780,JÄGER,18,deiner,ADJA,dein,7573,,
tg,kq6g.0,27540,27780,JÄGER,18,Stimme,NN,stimme,7573,,
tg,kq6g.0,27540,27780,JÄGER,18,Klang,NN,klang,7573,,
tg,kq6g.0,27540,27780,JÄGER,18,.,$.,--,7573,,
tg,kq6g.0,27786,27859,"Gabriele, seine Nichte, (Sopran)",2,Dem,ART,der,7573,,
tg,kq6g.0,27786,27859,"Gabriele, seine Nichte, (Sopran)",2,edlen,ADJA,edel,7573,,
tg,kq6g.0,27786,27859,"Gabriele, seine Nichte, (Sopran)",2,Gast,NN,gast,7573,,
tg,kq6g.0,27786,27859,"Gabriele, seine Nichte, (Sopran)",2,die,ART,der,7573,,
tg,kq6g.0,27786,27859,"Gabriele, seine Nichte, (Sopran)",2,Zeit,NN,zeit,7573,,
tg,kq6g.0,27786,27859,"Gabriele, seine Nichte, (Sopran)",2,zu,PTKZU,zu,7573,,
tg,kq6g.0,27786,27859,"Gabriele, seine Nichte, (Sopran)",2,kürzen,VVINF,kürzen,7573,,
tg,kq6g.0,27786,27859,"Gabriele, seine Nichte, (Sopran)",2,",","$,",--,7573,,
tg,kq6g.0,27786,27859,"Gabriele, seine Nichte, (Sopran)",2,Ertönet,NN,ertönet,7573,,
tg,kq6g.0,27786,27859,"Gabriele, seine Nichte, (Sopran)",2,gerne,ADV,gerne,7573,,
tg,kq6g.0,27786,27859,"Gabriele, seine Nichte, (Sopran)",2,mein,PPOSAT,mein,7573,"Gabriele, seine Nichte, (Sopran)",2
tg,kq6g.0,27786,27859,"Gabriele, seine Nichte, (Sopran)",2,Gesang,NN,gesang,7573,,
tg,kq6g.0,27786,27859,"Gabriele, seine Nichte, (Sopran)",2,.,$.,--,7573,,
tg,kq6g.0,27865,27916,"Ambrosio, ein alter Hirt, (Baß)",1,Sing,NE,sing,7573,,
tg,kq6g.0,27865,27916,"Ambrosio, ein alter Hirt, (Baß)",1,',$[,--,7573,,
tg,kq6g.0,27865,27916,"Ambrosio, ein alter Hirt, (Baß)",1,die,ART,der,7573,,
tg,kq6g.0,27865,27916,"Ambrosio, ein alter Hirt, (Baß)",1,Romanze,NN,romanz,7573,,
tg,kq6g.0,27865,27916,"Ambrosio, ein alter Hirt, (Baß)",1,Von,APPR,von,7573,,
tg,kq6g.0,27865,27916,"Ambrosio, ein alter Hirt, (Baß)",1,dem,ART,der,7573,,
tg,kq6g.0,27865,27916,"Ambrosio, ein alter Hirt, (Baß)",1,Maurenschloß,NN,maurenschloß,7573,,
tg,kq6g.0,27865,27916,"Ambrosio, ein alter Hirt, (Baß)",1,.,$.,--,7573,,
tg,kq6g.0,27922,28135,"Gabriele, seine Nichte, (Sopran)",2,Wünscht,PWAV,wünschen,7573,,
tg,kq6g.0,27922,28135,"Gabriele, seine Nichte, (Sopran)",2,Ihr,PPOSAT,ihr,7573,,
tg,kq6g.0,27922,28135,"Gabriele, seine Nichte, (Sopran)",2,es,PPER,es,7573,,
tg,kq6g.0,27922,28135,"Gabriele, seine Nichte, (Sopran)",2,auch,ADV,auch,7573,,
tg,kq6g.0,27922,28135,"Gabriele, seine Nichte, (Sopran)",2,",","$,",--,7573,,
tg,kq6g.0,27922,28135,"Gabriele, seine Nichte, (Sopran)",2,so,ADV,so,7573,,
tg,kq6g.0,27922,28135,"Gabriele, seine Nichte, (Sopran)",2,mag,VMFIN,mögen,7573,,
tg,kq6g.0,27922,28135,"Gabriele, seine Nichte, (Sopran)",2,es,PPER,es,7573,,
tg,kq6g.0,27922,28135,"Gabriele, seine Nichte, (Sopran)",2,sein,VAINF,sein,7573,,
tg,kq6g.0,27922,28135,"Gabriele, seine Nichte, (Sopran)",2,.,$.,--,7573,,
tg,kq6g.0,27922,28135,"Gabriele, seine Nichte, (Sopran)",2,Doch,KON,doch,7573,,
tg,kq6g.0,27922,28135,"Gabriele, seine Nichte, (Sopran)",2,stimmen,VVFIN,stimmen,7573,,
tg,kq6g.0,27922,28135,"Gabriele, seine Nichte, (Sopran)",2,alle,PIDAT,aller,7573,ALLE,22
tg,kq6g.0,27922,28135,"Gabriele, seine Nichte, (Sopran)",2,dann,ADV,dann,7573,,
tg,kq6g.0,27922,28135,"Gabriele, seine Nichte, (Sopran)",2,mit,APPR,mit,7573,,
tg,kq6g.0,27922,28135,"Gabriele, seine Nichte, (Sopran)",2,ein,PTKVZ,ein,7573,,
tg,kq6g.0,27922,28135,"Gabriele, seine Nichte, (Sopran)",2,.,$.,--,7573,,
tg,kq6g.0,28141,28354,"Gabriele, seine Nichte, (Sopran)",2,Wer,PWS,wer,7573,,
tg,kq6g.0,28141,28354,"Gabriele, seine Nichte, (Sopran)",2,klagt,VVFIN,klagen,7573,,
tg,kq6g.0,28141,28354,"Gabriele, seine Nichte, (Sopran)",2,am,APPRART,an,7573,,
tg,kq6g.0,28141,28354,"Gabriele, seine Nichte, (Sopran)",2,Gitterfenster,NN,gitterfenster,7573,,
tg,kq6g.0,28141,28354,"Gabriele, seine Nichte, (Sopran)",2,Bei,APPR,bei,7573,,
tg,kq6g.0,28141,28354,"Gabriele, seine Nichte, (Sopran)",2,wildem,ADJA,wild,7573,,
tg,kq6g.0,28141,28354,"Gabriele, seine Nichte, (Sopran)",2,Sturmgetos,NN,sturmgeto,7573,,
tg,kq6g.0,28141,28354,"Gabriele, seine Nichte, (Sopran)",2,",","$,",--,7573,,
tg,kq6g.0,28141,28354,"Gabriele, seine Nichte, (Sopran)",2,Zur,APPRART,zu,7573,,
tg,kq6g.0,28141,28354,"Gabriele, seine Nichte, (Sopran)",2,Stunde,NN,stunde,7573,,
tg,kq6g.0,28141,28354,"Gabriele, seine Nichte, (Sopran)",2,der,ART,der,7573,,
tg,kq6g.0,28141,28354,"Gabriele, seine Nichte, (Sopran)",2,Gespenster,NN,gespenster,7573,,
tg,kq6g.0,28141,28354,"Gabriele, seine Nichte, (Sopran)",2,Im,APPRART,in,7573,,
tg,kq6g.0,28141,28354,"Gabriele, seine Nichte, (Sopran)",2,alten,ADJA,alt,7573,,
tg,kq6g.0,28141,28354,"Gabriele, seine Nichte, (Sopran)",2,Maurenschloß,NN,maurenschloß,7573,,
tg,kq6g.0,28141,28354,"Gabriele, seine Nichte, (Sopran)",2,?,$.,--,7573,,
tg,kq6g.0,28141,28354,"Gabriele, seine Nichte, (Sopran)",2,Fatime,FM,fatime,7573,,
tg,kq6g.0,28141,28354,"Gabriele, seine Nichte, (Sopran)",2,ist's,FM,ist's,7573,,
tg,kq6g.0,28141,28354,"Gabriele, seine Nichte, (Sopran)",2,",","$,",--,7573,,
tg,kq6g.0,28141,28354,"Gabriele, seine Nichte, (Sopran)",2,die,ART,der,7573,,
tg,kq6g.0,28141,28354,"Gabriele, seine Nichte, (Sopran)",2,klaget,ADJD,klagen,7573,,
tg,kq6g.0,28141,28354,"Gabriele, seine Nichte, (Sopran)",2,Mit,APPR,mit,7573,,
tg,kq6g.0,28141,28354,"Gabriele, seine Nichte, (Sopran)",2,angstbewegtem,ADJA,angstbewegt,7573,,
tg,kq6g.0,28141,28354,"Gabriele, seine Nichte, (Sopran)",2,Sinn,NN,sinn,7573,,
tg,kq6g.0,28141,28354,"Gabriele, seine Nichte, (Sopran)",2,",","$,",--,7573,,
tg,kq6g.0,28141,28354,"Gabriele, seine Nichte, (Sopran)",2,Und,KON,und,7573,,
tg,kq6g.0,28141,28354,"Gabriele, seine Nichte, (Sopran)",2,jeder,PIDAT,jeder,7573,,
tg,kq6g.0,28141,28354,"Gabriele, seine Nichte, (Sopran)",2,still,ADJD,still,7573,,
tg,kq6g.0,28141,28354,"Gabriele, seine Nichte, (Sopran)",2,sich,PRF,sich,7573,,
tg,kq6g.0,28141,28354,"Gabriele, seine Nichte, (Sopran)",2,saget,VVFIN,saget,7573,,
tg,kq6g.0,28141,28354,"Gabriele, seine Nichte, (Sopran)",2,:,$.,--,7573,,
tg,kq6g.0,28141,28354,"Gabriele, seine Nichte, (Sopran)",2,Es,PPER,es,7573,,
tg,kq6g.0,28141,28354,"Gabriele, seine Nichte, (Sopran)",2,ist,VAFIN,sein,7573,,
tg,kq6g.0,28141,28354,"Gabriele, seine Nichte, (Sopran)",2,die,ART,der,7573,,
tg,kq6g.0,28141,28354,"Gabriele, seine Nichte, (Sopran)",2,Königin,NN,königin,7573,,
tg,kq6g.0,28141,28354,"Gabriele, seine Nichte, (Sopran)",2,.,$.,--,7573,,
tg,kq6g.0,28360,28690,GABRIELE UND CHOR DER HIRTEN,21,Und,KON,und,7573,,
tg,kq6g.0,28360,28690,GABRIELE UND CHOR DER HIRTEN,21,jeder,PIDAT,jeder,7573,,
tg,kq6g.0,28360,28690,GABRIELE UND CHOR DER HIRTEN,21,still,ADJD,still,7573,,
tg,kq6g.0,28360,28690,GABRIELE UND CHOR DER HIRTEN,21,sich,PRF,sich,7573,,
tg,kq6g.0,28360,28690,GABRIELE UND CHOR DER HIRTEN,21,saget,VVFIN,saget,7573,,
tg,kq6g.0,28360,28690,GABRIELE UND CHOR DER HIRTEN,21,:,$.,--,7573,,
tg,kq6g.0,28360,28690,GABRIELE UND CHOR DER HIRTEN,21,Es,PPER,es,7573,,
tg,kq6g.0,28360,28690,GABRIELE UND CHOR DER HIRTEN,21,ist,VAFIN,sein,7573,,
tg,kq6g.0,28360,28690,GABRIELE UND CHOR DER HIRTEN,21,die,ART,der,7573,,
tg,kq6g.0,28360,28690,GABRIELE UND CHOR DER HIRTEN,21,Königin,NN,königin,7573,,
tg,kq6g.0,28360,28690,GABRIELE UND CHOR DER HIRTEN,21,.,$.,--,7573,,
tg,kq6g.0,28696,28916,"Gabriele, seine Nichte, (Sopran)",2,Ihr,PPOSAT,ihr,7573,,
tg,kq6g.0,28696,28916,"Gabriele, seine Nichte, (Sopran)",2,Gatte,NN,gatte,7573,,
tg,kq6g.0,28696,28916,"Gabriele, seine Nichte, (Sopran)",2,ward,VVFIN,werden,7573,,
tg,kq6g.0,28696,28916,"Gabriele, seine Nichte, (Sopran)",2,erschlagen,VVIZU,erschlagen,7573,,
tg,kq6g.0,28696,28916,"Gabriele, seine Nichte, (Sopran)",2,",","$,",--,7573,,
tg,kq6g.0,28696,28916,"Gabriele, seine Nichte, (Sopran)",2,Geraubet,NE,geraubet,7573,,
tg,kq6g.0,28696,28916,"Gabriele, seine Nichte, (Sopran)",2,Kind,NN,kind,7573,,
tg,kq6g.0,28696,28916,"Gabriele, seine Nichte, (Sopran)",2,und,KON,und,7573,,
tg,kq6g.0,28696,28916,"Gabriele, seine Nichte, (Sopran)",2,Thron,NE,thron,7573,,
tg,kq6g.0,28696,28916,"Gabriele, seine Nichte, (Sopran)",2,",","$,",--,7573,,
tg,kq6g.0,28696,28916,"Gabriele, seine Nichte, (Sopran)",2,Sie,PPER,sie,7573,,
tg,kq6g.0,28696,28916,"Gabriele, seine Nichte, (Sopran)",2,fand,VVFIN,finden,7573,,
tg,kq6g.0,28696,28916,"Gabriele, seine Nichte, (Sopran)",2,nur,ADV,nur,7573,,
tg,kq6g.0,28696,28916,"Gabriele, seine Nichte, (Sopran)",2,banges,ADJA,bang,7573,,
tg,kq6g.0,28696,28916,"Gabriele, seine Nichte, (Sopran)",2,Klagen,NN,klage,7573,,
tg,kq6g.0,28696,28916,"Gabriele, seine Nichte, (Sopran)",2,",","$,",--,7573,,
tg,kq6g.0,28696,28916,"Gabriele, seine Nichte, (Sopran)",2,Nur,ADV,nur,7573,,
tg,kq6g.0,28696,28916,"Gabriele, seine Nichte, (Sopran)",2,Spott,NN,spott,7573,,
tg,kq6g.0,28696,28916,"Gabriele, seine Nichte, (Sopran)",2,und,KON,und,7573,,
tg,kq6g.0,28696,28916,"Gabriele, seine Nichte, (Sopran)",2,bittern,VVFIN,bittern,7573,,
tg,kq6g.0,28696,28916,"Gabriele, seine Nichte, (Sopran)",2,Hohn,NE,hohn,7573,,
tg,kq6g.0,28696,28916,"Gabriele, seine Nichte, (Sopran)",2,.,$.,--,7573,,
tg,kq6g.0,28696,28916,"Gabriele, seine Nichte, (Sopran)",2,Da,ADV,da,7573,,
tg,kq6g.0,28696,28916,"Gabriele, seine Nichte, (Sopran)",2,kamen,VVFIN,kommen,7573,,
tg,kq6g.0,28696,28916,"Gabriele, seine Nichte, (Sopran)",2,Christenritter,NN,christenritter,7573,,
tg,kq6g.0,28696,28916,"Gabriele, seine Nichte, (Sopran)",2,Mit,APPR,mit,7573,,
tg,kq6g.0,28696,28916,"Gabriele, seine Nichte, (Sopran)",2,edelmüt'gem,ADJA,edelmüt'g,7573,,
tg,kq6g.0,28696,28916,"Gabriele, seine Nichte, (Sopran)",2,Sinn,NN,sinn,7573,,
tg,kq6g.0,28696,28916,"Gabriele, seine Nichte, (Sopran)",2,Vor,APPR,vor,7573,,
tg,kq6g.0,28696,28916,"Gabriele, seine Nichte, (Sopran)",2,ihres,PPOSAT,ihr,7573,,
tg,kq6g.0,28696,28916,"Gabriele, seine Nichte, (Sopran)",2,Fensters,NN,fenster,7573,,
tg,kq6g.0,28696,28916,"Gabriele, seine Nichte, (Sopran)",2,Gitter,NN,gitter,7573,,
tg,kq6g.0,28696,28916,"Gabriele, seine Nichte, (Sopran)",2,Zum,APPRART,zu,7573,,
tg,kq6g.0,28696,28916,"Gabriele, seine Nichte, (Sopran)",2,Schutz,NN,schutz,7573,,
tg,kq6g.0,28696,28916,"Gabriele, seine Nichte, (Sopran)",2,der,ART,der,7573,,
tg,kq6g.0,28696,28916,"Gabriele, seine Nichte, (Sopran)",2,Königin,NN,königin,7573,,
tg,kq6g.0,28696,28916,"Gabriele, seine Nichte, (Sopran)",2,.,$.,--,7573,,
tg,kq6g.0,28922,29001,GABRIELE UND CHOR DER HIRTEN,21,Da,ADV,da,7573,,
tg,kq6g.0,28922,29001,GABRIELE UND CHOR DER HIRTEN,21,kamen,VVFIN,kommen,7573,,
tg,kq6g.0,28922,29001,GABRIELE UND CHOR DER HIRTEN,21,Christenritter,NN,christenritter,7573,,
tg,kq6g.0,28922,29001,GABRIELE UND CHOR DER HIRTEN,21,Zum,APPRART,zu,7573,,
tg,kq6g.0,28922,29001,GABRIELE UND CHOR DER HIRTEN,21,Schutz,NN,schutz,7573,,
tg,kq6g.0,28922,29001,GABRIELE UND CHOR DER HIRTEN,21,der,ART,der,7573,,
tg,kq6g.0,28922,29001,GABRIELE UND CHOR DER HIRTEN,21,Königin,NN,königin,7573,,
tg,kq6g.0,28922,29001,GABRIELE UND CHOR DER HIRTEN,21,.,$.,--,7573,,
tg,kq6g.0,29007,29232,"Gabriele, seine Nichte, (Sopran)",2,Die,ART,der,7573,,
tg,kq6g.0,29007,29232,"Gabriele, seine Nichte, (Sopran)",2,Feste,NN,fest,7573,,
tg,kq6g.0,29007,29232,"Gabriele, seine Nichte, (Sopran)",2,ward,VVFIN,werden,7573,,
tg,kq6g.0,29007,29232,"Gabriele, seine Nichte, (Sopran)",2,errungen,VVPP,erringen,7573,,
tg,kq6g.0,29007,29232,"Gabriele, seine Nichte, (Sopran)",2,",","$,",--,7573,,
tg,kq6g.0,29007,29232,"Gabriele, seine Nichte, (Sopran)",2,Erstürmt,NN,erstürmt,7573,,
tg,kq6g.0,29007,29232,"Gabriele, seine Nichte, (Sopran)",2,mit,APPR,mit,7573,,
tg,kq6g.0,29007,29232,"Gabriele, seine Nichte, (Sopran)",2,tapfrer,ADJA,tapfr,7573,,
tg,kq6g.0,29007,29232,"Gabriele, seine Nichte, (Sopran)",2,Hand,NN,hand,7573,,
tg,kq6g.0,29007,29232,"Gabriele, seine Nichte, (Sopran)",2,;,$.,--,7573,,
tg,kq6g.0,29007,29232,"Gabriele, seine Nichte, (Sopran)",2,Was,PWS,was,7573,,
tg,kq6g.0,29007,29232,"Gabriele, seine Nichte, (Sopran)",2,kaum,ADV,kaum,7573,,
tg,kq6g.0,29007,29232,"Gabriele, seine Nichte, (Sopran)",2,dem,ART,der,7573,,
tg,kq6g.0,29007,29232,"Gabriele, seine Nichte, (Sopran)",2,Schwert,NN,schwert,7573,,
tg,kq6g.0,29007,29232,"Gabriele, seine Nichte, (Sopran)",2,entsprungen,VVPP,entspringen,7573,,
tg,kq6g.0,29007,29232,"Gabriele, seine Nichte, (Sopran)",2,",","$,",--,7573,,
tg,kq6g.0,29007,29232,"Gabriele, seine Nichte, (Sopran)",2,Vertilgt,VVFIN,vertilgen,7573,,
tg,kq6g.0,29007,29232,"Gabriele, seine Nichte, (Sopran)",2,der,ART,der,7573,,
tg,kq6g.0,29007,29232,"Gabriele, seine Nichte, (Sopran)",2,Fackelbrand,NN,fackelbrand,7573,,
tg,kq6g.0,29007,29232,"Gabriele, seine Nichte, (Sopran)",2,.,$.,--,7573,,
tg,kq6g.0,29007,29232,"Gabriele, seine Nichte, (Sopran)",2,Zum,APPRART,zu,7573,,
tg,kq6g.0,29007,29232,"Gabriele, seine Nichte, (Sopran)",2,Kloster,NN,kloster,7573,,
tg,kq6g.0,29007,29232,"Gabriele, seine Nichte, (Sopran)",2,nun,ADV,nun,7573,,
tg,kq6g.0,29007,29232,"Gabriele, seine Nichte, (Sopran)",2,sich,PRF,sich,7573,,
tg,kq6g.0,29007,29232,"Gabriele, seine Nichte, (Sopran)",2,wendet,VVFIN,wenden,7573,,
tg,kq6g.0,29007,29232,"Gabriele, seine Nichte, (Sopran)",2,Fatimes,NE,fatimes,7573,,
tg,kq6g.0,29007,29232,"Gabriele, seine Nichte, (Sopran)",2,frommer,ADJA,fromm,7573,,
tg,kq6g.0,29007,29232,"Gabriele, seine Nichte, (Sopran)",2,Sinn,NN,sinn,7573,,
tg,kq6g.0,29007,29232,"Gabriele, seine Nichte, (Sopran)",2,;,$.,--,7573,,
tg,kq6g.0,29007,29232,"Gabriele, seine Nichte, (Sopran)",2,Im,APPRART,in,7573,,
tg,kq6g.0,29007,29232,"Gabriele, seine Nichte, (Sopran)",2,heil'gen,ADJA,heil'g,7573,,
tg,kq6g.0,29007,29232,"Gabriele, seine Nichte, (Sopran)",2,Glauben,NN,glaube,7573,,
tg,kq6g.0,29007,29232,"Gabriele, seine Nichte, (Sopran)",2,endet,VVFIN,enden,7573,,
tg,kq6g.0,29007,29232,"Gabriele, seine Nichte, (Sopran)",2,Die,ART,der,7573,,
tg,kq6g.0,29007,29232,"Gabriele, seine Nichte, (Sopran)",2,Mauren-Königin,NN,mauren-königin,7573,,
tg,kq6g.0,29007,29232,"Gabriele, seine Nichte, (Sopran)",2,.,$.,--,7573,,
tg,kq6g.0,29239,29529,GABRIELE UND CHOR DER HIRTEN,21,Im,APPRART,in,7573,,
tg,kq6g.0,29239,29529,GABRIELE UND CHOR DER HIRTEN,21,heil'gen,ADJA,heil'g,7573,,
tg,kq6g.0,29239,29529,GABRIELE UND CHOR DER HIRTEN,21,Glauben,NN,glaube,7573,,
tg,kq6g.0,29239,29529,GABRIELE UND CHOR DER HIRTEN,21,endet,VVFIN,enden,7573,,
tg,kq6g.0,29239,29529,GABRIELE UND CHOR DER HIRTEN,21,Die,ART,der,7573,,
tg,kq6g.0,29239,29529,GABRIELE UND CHOR DER HIRTEN,21,Mauren-Königin,NN,mauren-königin,7573,,
tg,kq6g.0,29239,29529,GABRIELE UND CHOR DER HIRTEN,21,.,$.,--,7573,,
tg,kq6g.0,29535,29830,JÄGER,18,Deines,NE,dein,7573,,
tg,kq6g.0,29535,29830,JÄGER,18,Auges,NE,auge,7573,,
tg,kq6g.0,29535,29830,JÄGER,18,Zaubersonne,NE,zaubersonn,7573,,
tg,kq6g.0,29535,29830,JÄGER,18,Strahlt,NE,strahlt,7573,,
tg,kq6g.0,29535,29830,JÄGER,18,mich,PRF,mich,7573,JÄGER,18
tg,kq6g.0,29535,29830,JÄGER,18,in,APPR,in,7573,,
tg,kq6g.0,29535,29830,JÄGER,18,ein,ART,ein,7573,,
tg,kq6g.0,29535,29830,JÄGER,18,Feenland,NN,feenland,7573,,
tg,kq6g.0,29535,29830,JÄGER,18,"!",$.,--,7573,,
tg,kq6g.0,29535,29830,JÄGER,18,Dein,PPOSAT,dein,7573,,
tg,kq6g.0,29535,29830,JÄGER,18,Gesang,NN,gesang,7573,,
tg,kq6g.0,29535,29830,JÄGER,18,erfüllt,VVPP,erfüllen,7573,,
tg,kq6g.0,29535,29830,JÄGER,18,mit,APPR,mit,7573,,
tg,kq6g.0,29535,29830,JÄGER,18,Wonne,NN,wonne,7573,,
tg,kq6g.0,29535,29830,JÄGER,18,",","$,",--,7573,,
tg,kq6g.0,29535,29830,JÄGER,18,Wie,PWAV,wie,7573,,
tg,kq6g.0,29535,29830,JÄGER,18,ich,PPER,ich,7573,JÄGER,18
tg,kq6g.0,29535,29830,JÄGER,18,nimmer,ADJD,nimmer,7573,,
tg,kq6g.0,29535,29830,JÄGER,18,sie,PPER,sie,7573,,
tg,kq6g.0,29535,29830,JÄGER,18,empfand,VVFIN,empfinden,7573,,
tg,kq6g.0,29535,29830,JÄGER,18,.,$.,--,7573,,
tg,kq6g.0,29535,29830,JÄGER,18,Kämpft,NN,kämpfen,7573,,
tg,kq6g.0,29535,29830,JÄGER,18,',$[,--,7573,,
tg,kq6g.0,29535,29830,JÄGER,18,ich,PPER,ich,7573,JÄGER,18
tg,kq6g.0,29535,29830,JÄGER,18,in,APPR,in,7573,,
tg,kq6g.0,29535,29830,JÄGER,18,Turnieres,NN,turnier,7573,,
tg,kq6g.0,29535,29830,JÄGER,18,Schranken,NN,schrank,7573,,
tg,kq6g.0,29535,29830,JÄGER,18,Um,APPR,um,7573,,
tg,kq6g.0,29535,29830,JÄGER,18,den,ART,der,7573,,
tg,kq6g.0,29535,29830,JÄGER,18,Preis,NN,preis,7573,,
tg,kq6g.0,29535,29830,JÄGER,18,aus,APPR,aus,7573,,
tg,kq6g.0,29535,29830,JÄGER,18,deiner,ADJA,dein,7573,,
tg,kq6g.0,29535,29830,JÄGER,18,Hand,NN,hand,7573,,
tg,kq6g.0,29535,29830,JÄGER,18,",","$,",--,7573,,
tg,kq6g.0,29535,29830,JÄGER,18,Stürzt,NN,stürzt,7573,,
tg,kq6g.0,29535,29830,JÄGER,18,',$[,--,7573,,
tg,kq6g.0,29535,29830,JÄGER,18,ich,PPER,ich,7573,JÄGER,18
tg,kq6g.0,29535,29830,JÄGER,18,leicht,ADJD,leicht,7573,,
tg,kq6g.0,29535,29830,JÄGER,18,und,KON,und,7573,,
tg,kq6g.0,29535,29830,JÄGER,18,ohne,APPR,ohne,7573,,
tg,kq6g.0,29535,29830,JÄGER,18,Schwanken,NN,schwank,7573,,
tg,kq6g.0,29535,29830,JÄGER,18,Alle,PIDAT,aller,7573,ALLE,22
tg,kq6g.0,29535,29830,JÄGER,18,Ritter,NN,ritter,7573,,
tg,kq6g.0,29535,29830,JÄGER,18,in,APPR,in,7573,,
tg,kq6g.0,29535,29830,JÄGER,18,den,ART,der,7573,,
tg,kq6g.0,29535,29830,JÄGER,18,Sand,NN,sand,7573,,
tg,kq6g.0,29535,29830,JÄGER,18,.,$.,--,7573,,
tg,kq6g.0,29837,29977,"Vasco, (Baß)",3,Meine,PPOSAT,mein,7573,,
tg,kq6g.0,29837,29977,"Vasco, (Baß)",3,Hand,NN,hand,7573,,
tg,kq6g.0,29837,29977,"Vasco, (Baß)",3,führt,VVFIN,führen,7573,,
tg,kq6g.0,29837,29977,"Vasco, (Baß)",3,nun,ADV,nun,7573,,
tg,kq6g.0,29837,29977,"Vasco, (Baß)",3,die,ART,der,7573,,
tg,kq6g.0,29837,29977,"Vasco, (Baß)",3,Rache,NN,rache,7573,,
tg,kq6g.0,29837,29977,"Vasco, (Baß)",3,Und,KON,und,7573,,
tg,kq6g.0,29837,29977,"Vasco, (Baß)",3,mein,PPOSAT,mein,7573,"Vasco, (Baß)",3
tg,kq6g.0,29837,29977,"Vasco, (Baß)",3,Plan,NN,plan,7573,,
tg,kq6g.0,29837,29977,"Vasco, (Baß)",3,wird,VAFIN,werden,7573,,
tg,kq6g.0,29837,29977,"Vasco, (Baß)",3,Ehrensache,NN,ehrensache,7573,,
tg,kq6g.0,29837,29977,"Vasco, (Baß)",3,;,$.,--,7573,,
tg,kq6g.0,29837,29977,"Vasco, (Baß)",3,Wie,PWAV,wie,7573,,
tg,kq6g.0,29837,29977,"Vasco, (Baß)",3,er,PPER,er,7573,,
tg,kq6g.0,29837,29977,"Vasco, (Baß)",3,glühend,ADJD,glühend,7573,,
tg,kq6g.0,29837,29977,"Vasco, (Baß)",3,nach,APPR,nach,7573,,
tg,kq6g.0,29837,29977,"Vasco, (Baß)",3,ihr,PPER,ihr,7573,,
tg,kq6g.0,29837,29977,"Vasco, (Baß)",3,schaut,VVFIN,schauen,7573,,
tg,kq6g.0,29837,29977,"Vasco, (Baß)",3,"!",$.,--,7573,,
tg,kq6g.0,29837,29977,"Vasco, (Baß)",3,Er,PPER,er,7573,,
tg,kq6g.0,29837,29977,"Vasco, (Baß)",3,begehret,VVFIN,begehren,7573,,
tg,kq6g.0,29837,29977,"Vasco, (Baß)",3,seine,PPOSAT,sein,7573,,
tg,kq6g.0,29837,29977,"Vasco, (Baß)",3,Braut,NN,braut,7573,,
tg,kq6g.0,29837,29977,"Vasco, (Baß)",3,.,$.,--,7573,,
tg,kq6g.0,29984,30140,PEDRO UND AMBROSIO,14,Seine,PPOSAT,sein,7573,,
tg,kq6g.0,29984,30140,PEDRO UND AMBROSIO,14,Hand,NN,hand,7573,,
tg,kq6g.0,29984,30140,PEDRO UND AMBROSIO,14,führt,VVFIN,führen,7573,,
tg,kq6g.0,29984,30140,PEDRO UND AMBROSIO,14,nun,ADV,nun,7573,,
tg,kq6g.0,29984,30140,PEDRO UND AMBROSIO,14,die,ART,der,7573,,
tg,kq6g.0,29984,30140,PEDRO UND AMBROSIO,14,Rache,NN,rache,7573,,
tg,kq6g.0,29984,30140,PEDRO UND AMBROSIO,14,Und,KON,und,7573,,
tg,kq6g.0,29984,30140,PEDRO UND AMBROSIO,14,sein,PPOSAT,sein,7573,,
tg,kq6g.0,29984,30140,PEDRO UND AMBROSIO,14,Plan,NN,plan,7573,,
tg,kq6g.0,29984,30140,PEDRO UND AMBROSIO,14,wird,VAFIN,werden,7573,,
tg,kq6g.0,29984,30140,PEDRO UND AMBROSIO,14,Ehrensache,NN,ehrensache,7573,,
tg,kq6g.0,29984,30140,PEDRO UND AMBROSIO,14,;,$.,--,7573,,
tg,kq6g.0,29984,30140,PEDRO UND AMBROSIO,14,Wie,PWAV,wie,7573,,
tg,kq6g.0,29984,30140,PEDRO UND AMBROSIO,14,der,ART,der,7573,,
tg,kq6g.0,29984,30140,PEDRO UND AMBROSIO,14,Fremde,NN,fremde,7573,,
tg,kq6g.0,29984,30140,PEDRO UND AMBROSIO,14,nach,APPR,nach,7573,,
tg,kq6g.0,29984,30140,PEDRO UND AMBROSIO,14,ihr,PPER,ihr,7573,,
tg,kq6g.0,29984,30140,PEDRO UND AMBROSIO,14,schaut,VVFIN,schauen,7573,,
tg,kq6g.0,29984,30140,PEDRO UND AMBROSIO,14,"!",$.,--,7573,,
tg,kq6g.0,29984,30140,PEDRO UND AMBROSIO,14,Er,PPER,er,7573,,
tg,kq6g.0,29984,30140,PEDRO UND AMBROSIO,14,begehrt,ADJD,begehren,7573,,
tg,kq6g.0,29984,30140,PEDRO UND AMBROSIO,14,die,ART,der,7573,,
tg,kq6g.0,29984,30140,PEDRO UND AMBROSIO,14,Hirtenbraut,NN,hirtenbraut,7573,,
tg,kq6g.0,29984,30140,PEDRO UND AMBROSIO,14,.,$.,--,7573,,
tg,kq6g.0,30147,30356,"Gabriele, seine Nichte, (Sopran)",2,Laut,APPR,laut,7573,,
tg,kq6g.0,30147,30356,"Gabriele, seine Nichte, (Sopran)",2,fühl,ADJD,fühl,7573,,
tg,kq6g.0,30147,30356,"Gabriele, seine Nichte, (Sopran)",2,',$[,--,7573,,
tg,kq6g.0,30147,30356,"Gabriele, seine Nichte, (Sopran)",2,ich,PPER,ich,7573,"Gabriele, seine Nichte, (Sopran)",2
tg,kq6g.0,30147,30356,"Gabriele, seine Nichte, (Sopran)",2,mein,PPOSAT,mein,7573,"Gabriele, seine Nichte, (Sopran)",2
tg,kq6g.0,30147,30356,"Gabriele, seine Nichte, (Sopran)",2,Herz,NN,herz,7573,,
tg,kq6g.0,30147,30356,"Gabriele, seine Nichte, (Sopran)",2,erbeben,VVINF,erbeben,7573,,
tg,kq6g.0,30147,30356,"Gabriele, seine Nichte, (Sopran)",2,",","$,",--,7573,,
tg,kq6g.0,30147,30356,"Gabriele, seine Nichte, (Sopran)",2,Ja,PTKANT,ja,7573,,
tg,kq6g.0,30147,30356,"Gabriele, seine Nichte, (Sopran)",2,",","$,",--,7573,,
tg,kq6g.0,30147,30356,"Gabriele, seine Nichte, (Sopran)",2,sie,PPER,sie,7573,,
tg,kq6g.0,30147,30356,"Gabriele, seine Nichte, (Sopran)",2,sinnen,VVFIN,sinnen,7573,,
tg,kq6g.0,30147,30356,"Gabriele, seine Nichte, (Sopran)",2,auf,APPR,auf,7573,,
tg,kq6g.0,30147,30356,"Gabriele, seine Nichte, (Sopran)",2,Verrat,NN,verrat,7573,,
tg,kq6g.0,30147,30356,"Gabriele, seine Nichte, (Sopran)",2,:,$.,--,7573,,
tg,kq6g.0,30147,30356,"Gabriele, seine Nichte, (Sopran)",2,Kann,VMFIN,können,7573,,
tg,kq6g.0,30147,30356,"Gabriele, seine Nichte, (Sopran)",2,ich,PPER,ich,7573,"Gabriele, seine Nichte, (Sopran)",2
tg,kq6g.0,30147,30356,"Gabriele, seine Nichte, (Sopran)",2,rettend,ADJD,rettend,7573,,
tg,kq6g.0,30147,30356,"Gabriele, seine Nichte, (Sopran)",2,ihn,PPER,ihn,7573,,
tg,kq6g.0,30147,30356,"Gabriele, seine Nichte, (Sopran)",2,umschweben,VVIZU,umschweben,7573,,
tg,kq6g.0,30147,30356,"Gabriele, seine Nichte, (Sopran)",2,",","$,",--,7573,,
tg,kq6g.0,30147,30356,"Gabriele, seine Nichte, (Sopran)",2,Ist,VAFIN,sein,7573,,
tg,kq6g.0,30147,30356,"Gabriele, seine Nichte, (Sopran)",2,es,PPER,es,7573,,
tg,kq6g.0,30147,30356,"Gabriele, seine Nichte, (Sopran)",2,meine,PPOSAT,mein,7573,"Gabriele, seine Nichte, (Sopran)",2
tg,kq6g.0,30147,30356,"Gabriele, seine Nichte, (Sopran)",2,schönste,ADJA,schön,7573,,
tg,kq6g.0,30147,30356,"Gabriele, seine Nichte, (Sopran)",2,That,NE,that,7573,,
tg,kq6g.0,30147,30356,"Gabriele, seine Nichte, (Sopran)",2,.,$.,--,7573,,
tg,kq6g.0,30147,30356,"Gabriele, seine Nichte, (Sopran)",2,Laut,APPR,laut,7573,,
tg,kq6g.0,30147,30356,"Gabriele, seine Nichte, (Sopran)",2,fühl,ADJD,fühl,7573,,
tg,kq6g.0,30147,30356,"Gabriele, seine Nichte, (Sopran)",2,',$[,--,7573,,
tg,kq6g.0,30147,30356,"Gabriele, seine Nichte, (Sopran)",2,ich,PPER,ich,7573,"Gabriele, seine Nichte, (Sopran)",2
tg,kq6g.0,30147,30356,"Gabriele, seine Nichte, (Sopran)",2,mein,PPOSAT,mein,7573,"Gabriele, seine Nichte, (Sopran)",2
tg,kq6g.0,30147,30356,"Gabriele, seine Nichte, (Sopran)",2,Herz,NN,herz,7573,,
tg,kq6g.0,30147,30356,"Gabriele, seine Nichte, (Sopran)",2,erbeben,VVINF,erbeben,7573,,
tg,kq6g.0,30147,30356,"Gabriele, seine Nichte, (Sopran)",2,",","$,",--,7573,,
tg,kq6g.0,30147,30356,"Gabriele, seine Nichte, (Sopran)",2,Ja,PTKANT,ja,7573,,
tg,kq6g.0,30147,30356,"Gabriele, seine Nichte, (Sopran)",2,",","$,",--,7573,,
tg,kq6g.0,30147,30356,"Gabriele, seine Nichte, (Sopran)",2,sie,PPER,sie,7573,,
tg,kq6g.0,30147,30356,"Gabriele, seine Nichte, (Sopran)",2,sinnen,VVFIN,sinnen,7573,,
tg,kq6g.0,30147,30356,"Gabriele, seine Nichte, (Sopran)",2,auf,APPR,auf,7573,,
tg,kq6g.0,30147,30356,"Gabriele, seine Nichte, (Sopran)",2,Verrat,NN,verrat,7573,,
tg,kq6g.0,30147,30356,"Gabriele, seine Nichte, (Sopran)",2,.,$.,--,7573,,
tg,kq6g.0,30362,30445,CHOR DER HIRTEN,16,Scheu,NN,scheu,7573,,
tg,kq6g.0,30362,30445,CHOR DER HIRTEN,16,erbebet,VVFIN,erbeben,7573,,
tg,kq6g.0,30362,30445,CHOR DER HIRTEN,16,Gabriele,NE,gabriele,7573,,
tg,kq6g.0,30362,30445,CHOR DER HIRTEN,16,–,XY,–,7573,,
tg,kq6g.0,30362,30445,CHOR DER HIRTEN,16,Ja,PTKANT,ja,7573,,
tg,kq6g.0,30362,30445,CHOR DER HIRTEN,16,",","$,",--,7573,,
tg,kq6g.0,30362,30445,CHOR DER HIRTEN,16,sie,PPER,sie,7573,,
tg,kq6g.0,30362,30445,CHOR DER HIRTEN,16,sinnen,VVFIN,sinnen,7573,,
tg,kq6g.0,30362,30445,CHOR DER HIRTEN,16,auf,APPR,auf,7573,,
tg,kq6g.0,30362,30445,CHOR DER HIRTEN,16,Verrat,NN,verrat,7573,,
tg,kq6g.0,30362,30445,CHOR DER HIRTEN,16,.,$.,--,7573,,
tg,kq6g.0,30452,30719,JÄGER,18,Deines,NE,dein,7573,,
tg,kq6g.0,30452,30719,JÄGER,18,Auges,NE,auge,7573,,
tg,kq6g.0,30452,30719,JÄGER,18,Zaubersonne,NE,zaubersonn,7573,,
tg,kq6g.0,30452,30719,JÄGER,18,Strahlt,NE,strahlt,7573,,
tg,kq6g.0,30452,30719,JÄGER,18,mich,PRF,mich,7573,JÄGER,18
tg,kq6g.0,30452,30719,JÄGER,18,in,APPR,in,7573,,
tg,kq6g.0,30452,30719,JÄGER,18,ein,ART,ein,7573,,
tg,kq6g.0,30452,30719,JÄGER,18,Feenland,NN,feenland,7573,,
tg,kq6g.0,30452,30719,JÄGER,18,"!",$.,--,7573,,
tg,kq6g.0,30452,30719,JÄGER,18,Dein,PPOSAT,dein,7573,,
tg,kq6g.0,30452,30719,JÄGER,18,Gesang,NN,gesang,7573,,
tg,kq6g.0,30452,30719,JÄGER,18,erfüllt,VVPP,erfüllen,7573,,
tg,kq6g.0,30452,30719,JÄGER,18,mit,APPR,mit,7573,,
tg,kq6g.0,30452,30719,JÄGER,18,Wonne,NN,wonne,7573,,
tg,kq6g.0,30452,30719,JÄGER,18,",","$,",--,7573,,
tg,kq6g.0,30452,30719,JÄGER,18,Wie,PWAV,wie,7573,,
tg,kq6g.0,30452,30719,JÄGER,18,ich,PPER,ich,7573,JÄGER,18
tg,kq6g.0,30452,30719,JÄGER,18,nimmer,ADJD,nimmer,7573,,
tg,kq6g.0,30452,30719,JÄGER,18,sie,PPER,sie,7573,,
tg,kq6g.0,30452,30719,JÄGER,18,empfand,VVFIN,empfinden,7573,,
tg,kq6g.0,30452,30719,JÄGER,18,.,$.,--,7573,,
tg,kq6g.0,30452,30719,JÄGER,18,Kämpft,NN,kämpfen,7573,,
tg,kq6g.0,30452,30719,JÄGER,18,',$[,--,7573,,
tg,kq6g.0,30452,30719,JÄGER,18,ich,PPER,ich,7573,JÄGER,18
tg,kq6g.0,30452,30719,JÄGER,18,in,APPR,in,7573,,
tg,kq6g.0,30452,30719,JÄGER,18,Turnieres,NN,turnier,7573,,
tg,kq6g.0,30452,30719,JÄGER,18,Schranken,NN,schrank,7573,,
tg,kq6g.0,30452,30719,JÄGER,18,Um,APPR,um,7573,,
tg,kq6g.0,30452,30719,JÄGER,18,den,ART,der,7573,,
tg,kq6g.0,30452,30719,JÄGER,18,Preis,NN,preis,7573,,
tg,kq6g.0,30452,30719,JÄGER,18,aus,APPR,aus,7573,,
tg,kq6g.0,30452,30719,JÄGER,18,deiner,ADJA,dein,7573,,
tg,kq6g.0,30452,30719,JÄGER,18,Hand,NN,hand,7573,,
tg,kq6g.0,30452,30719,JÄGER,18,",","$,",--,7573,,
tg,kq6g.0,30452,30719,JÄGER,18,Stürzt,NN,stürzt,7573,,
tg,kq6g.0,30452,30719,JÄGER,18,',$[,--,7573,,
tg,kq6g.0,30452,30719,JÄGER,18,ich,PPER,ich,7573,JÄGER,18
tg,kq6g.0,30452,30719,JÄGER,18,leicht,ADJD,leicht,7573,,
tg,kq6g.0,30452,30719,JÄGER,18,und,KON,und,7573,,
tg,kq6g.0,30452,30719,JÄGER,18,ohne,APPR,ohne,7573,,
tg,kq6g.0,30452,30719,JÄGER,18,Wanken,NN,wank,7573,,
tg,kq6g.0,30452,30719,JÄGER,18,Alle,PIDAT,aller,7573,ALLE,22
tg,kq6g.0,30452,30719,JÄGER,18,Ritter,NN,ritter,7573,,
tg,kq6g.0,30452,30719,JÄGER,18,in,APPR,in,7573,,
tg,kq6g.0,30452,30719,JÄGER,18,den,ART,der,7573,,
tg,kq6g.0,30452,30719,JÄGER,18,Sand,NN,sand,7573,,
tg,kq6g.0,30452,30719,JÄGER,18,.,$.,--,7573,,
tg,kq6g.0,30725,30808,"Gabriele, seine Nichte, (Sopran)",2,Laut,APPR,laut,7573,,
tg,kq6g.0,30725,30808,"Gabriele, seine Nichte, (Sopran)",2,fühl,ADJD,fühl,7573,,
tg,kq6g.0,30725,30808,"Gabriele, seine Nichte, (Sopran)",2,',$[,--,7573,,
tg,kq6g.0,30725,30808,"Gabriele, seine Nichte, (Sopran)",2,ich,PPER,ich,7573,"Gabriele, seine Nichte, (Sopran)",2
tg,kq6g.0,30725,30808,"Gabriele, seine Nichte, (Sopran)",2,mein,PPOSAT,mein,7573,"Gabriele, seine Nichte, (Sopran)",2
tg,kq6g.0,30725,30808,"Gabriele, seine Nichte, (Sopran)",2,Herz,NN,herz,7573,,
tg,kq6g.0,30725,30808,"Gabriele, seine Nichte, (Sopran)",2,erbeben,VVINF,erbeben,7573,,
tg,kq6g.0,30725,30808,"Gabriele, seine Nichte, (Sopran)",2,",","$,",--,7573,,
tg,kq6g.0,30725,30808,"Gabriele, seine Nichte, (Sopran)",2,Ja,PTKANT,ja,7573,,
tg,kq6g.0,30725,30808,"Gabriele, seine Nichte, (Sopran)",2,",","$,",--,7573,,
tg,kq6g.0,30725,30808,"Gabriele, seine Nichte, (Sopran)",2,sie,PPER,sie,7573,,
tg,kq6g.0,30725,30808,"Gabriele, seine Nichte, (Sopran)",2,sinnen,VVFIN,sinnen,7573,,
tg,kq6g.0,30725,30808,"Gabriele, seine Nichte, (Sopran)",2,auf,APPR,auf,7573,,
tg,kq6g.0,30725,30808,"Gabriele, seine Nichte, (Sopran)",2,Verrat,NN,verrat,7573,,
tg,kq6g.0,30725,30808,"Gabriele, seine Nichte, (Sopran)",2,.,$.,--,7573,,
tg,kq6g.0,30814,30954,"Vasco, (Baß)",3,Meine,PPOSAT,mein,7573,,
tg,kq6g.0,30814,30954,"Vasco, (Baß)",3,Hand,NN,hand,7573,,
tg,kq6g.0,30814,30954,"Vasco, (Baß)",3,führt,VVFIN,führen,7573,,
tg,kq6g.0,30814,30954,"Vasco, (Baß)",3,nun,ADV,nun,7573,,
tg,kq6g.0,30814,30954,"Vasco, (Baß)",3,die,ART,der,7573,,
tg,kq6g.0,30814,30954,"Vasco, (Baß)",3,Rache,NN,rache,7573,,
tg,kq6g.0,30814,30954,"Vasco, (Baß)",3,Und,KON,und,7573,,
tg,kq6g.0,30814,30954,"Vasco, (Baß)",3,mein,PPOSAT,mein,7573,"Vasco, (Baß)",3
tg,kq6g.0,30814,30954,"Vasco, (Baß)",3,Plan,NN,plan,7573,,
tg,kq6g.0,30814,30954,"Vasco, (Baß)",3,wird,VAFIN,werden,7573,,
tg,kq6g.0,30814,30954,"Vasco, (Baß)",3,Ehrensache,NN,ehrensache,7573,,
tg,kq6g.0,30814,30954,"Vasco, (Baß)",3,;,$.,--,7573,,
tg,kq6g.0,30814,30954,"Vasco, (Baß)",3,Wie,PWAV,wie,7573,,
tg,kq6g.0,30814,30954,"Vasco, (Baß)",3,er,PPER,er,7573,,
tg,kq6g.0,30814,30954,"Vasco, (Baß)",3,glühend,ADJD,glühend,7573,,
tg,kq6g.0,30814,30954,"Vasco, (Baß)",3,nach,APPR,nach,7573,,
tg,kq6g.0,30814,30954,"Vasco, (Baß)",3,ihr,PPER,ihr,7573,,
tg,kq6g.0,30814,30954,"Vasco, (Baß)",3,schaut,VVFIN,schauen,7573,,
tg,kq6g.0,30814,30954,"Vasco, (Baß)",3,"!",$.,--,7573,,
tg,kq6g.0,30814,30954,"Vasco, (Baß)",3,Er,PPER,er,7573,,
tg,kq6g.0,30814,30954,"Vasco, (Baß)",3,begehret,VVFIN,begehren,7573,,
tg,kq6g.0,30814,30954,"Vasco, (Baß)",3,meine,PPOSAT,mein,7573,"Vasco, (Baß)",3
tg,kq6g.0,30814,30954,"Vasco, (Baß)",3,Braut,NN,braut,7573,,
tg,kq6g.0,30814,30954,"Vasco, (Baß)",3,.,$.,--,7573,,
tg,kq6g.0,30961,31114,AMBROSIO UND PEDRO,13,Seine,PPOSAT,sein,7573,,
tg,kq6g.0,30961,31114,AMBROSIO UND PEDRO,13,Hand,NN,hand,7573,,
tg,kq6g.0,30961,31114,AMBROSIO UND PEDRO,13,führt,VVFIN,führen,7573,,
tg,kq6g.0,30961,31114,AMBROSIO UND PEDRO,13,nun,ADV,nun,7573,,
tg,kq6g.0,30961,31114,AMBROSIO UND PEDRO,13,die,ART,der,7573,,
tg,kq6g.0,30961,31114,AMBROSIO UND PEDRO,13,Rache,NN,rache,7573,,
tg,kq6g.0,30961,31114,AMBROSIO UND PEDRO,13,Und,KON,und,7573,,
tg,kq6g.0,30961,31114,AMBROSIO UND PEDRO,13,sein,PPOSAT,sein,7573,,
tg,kq6g.0,30961,31114,AMBROSIO UND PEDRO,13,Plan,NN,plan,7573,,
tg,kq6g.0,30961,31114,AMBROSIO UND PEDRO,13,wird,VAFIN,werden,7573,,
tg,kq6g.0,30961,31114,AMBROSIO UND PEDRO,13,Ehrensache,NN,ehrensache,7573,,
tg,kq6g.0,30961,31114,AMBROSIO UND PEDRO,13,;,$.,--,7573,,
tg,kq6g.0,30961,31114,AMBROSIO UND PEDRO,13,Wie,PWAV,wie,7573,,
tg,kq6g.0,30961,31114,AMBROSIO UND PEDRO,13,er,PPER,er,7573,,
tg,kq6g.0,30961,31114,AMBROSIO UND PEDRO,13,glühend,ADJD,glühend,7573,,
tg,kq6g.0,30961,31114,AMBROSIO UND PEDRO,13,nach,APPR,nach,7573,,
tg,kq6g.0,30961,31114,AMBROSIO UND PEDRO,13,ihr,PPER,ihr,7573,,
tg,kq6g.0,30961,31114,AMBROSIO UND PEDRO,13,schaut,VVFIN,schauen,7573,,
tg,kq6g.0,30961,31114,AMBROSIO UND PEDRO,13,"!",$.,--,7573,,
tg,kq6g.0,30961,31114,AMBROSIO UND PEDRO,13,Er,PPER,er,7573,,
tg,kq6g.0,30961,31114,AMBROSIO UND PEDRO,13,begehret,VVFIN,begehren,7573,,
tg,kq6g.0,30961,31114,AMBROSIO UND PEDRO,13,seine,PPOSAT,sein,7573,,
tg,kq6g.0,30961,31114,AMBROSIO UND PEDRO,13,Braut,NN,braut,7573,,
tg,kq6g.0,30961,31114,AMBROSIO UND PEDRO,13,.,$.,--,7573,,
tg,kq6g.0,31120,31469,CHOR DER HIRTEN,16,Denn,KON,denn,7573,,
tg,kq6g.0,31120,31469,CHOR DER HIRTEN,16,in,APPR,in,7573,,
tg,kq6g.0,31120,31469,CHOR DER HIRTEN,16,Vascos,NE,vascos,7573,,
tg,kq6g.0,31120,31469,CHOR DER HIRTEN,16,schwarzer,ADJA,schwarz,7573,,
tg,kq6g.0,31120,31469,CHOR DER HIRTEN,16,Seele,NN,seele,7573,,
tg,kq6g.0,31120,31469,CHOR DER HIRTEN,16,Brütet,NE,brütet,7573,,
tg,kq6g.0,31120,31469,CHOR DER HIRTEN,16,Rache,NN,rache,7573,,
tg,kq6g.0,31120,31469,CHOR DER HIRTEN,16,und,KON,und,7573,,
tg,kq6g.0,31120,31469,CHOR DER HIRTEN,16,Verrat,NN,verrat,7573,,
tg,kq6g.0,31120,31469,CHOR DER HIRTEN,16,.,$.,--,7573,,
tg,kq6g.0,31475,31791,GABRIELE UND CHOR DER HIRTEN,21,Schon,ADV,schon,7573,,
tg,kq6g.0,31475,31791,GABRIELE UND CHOR DER HIRTEN,21,die,ART,der,7573,,
tg,kq6g.0,31475,31791,GABRIELE UND CHOR DER HIRTEN,21,Abendglocken,NN,abendglocke,7573,,
tg,kq6g.0,31475,31791,GABRIELE UND CHOR DER HIRTEN,21,klangen,VVFIN,klingen,7573,,
tg,kq6g.0,31475,31791,GABRIELE UND CHOR DER HIRTEN,21,Und,KON,und,7573,,
tg,kq6g.0,31475,31791,GABRIELE UND CHOR DER HIRTEN,21,die,ART,der,7573,,
tg,kq6g.0,31475,31791,GABRIELE UND CHOR DER HIRTEN,21,Flur,NN,flur,7573,,
tg,kq6g.0,31475,31791,GABRIELE UND CHOR DER HIRTEN,21,im,APPRART,in,7573,,
tg,kq6g.0,31475,31791,GABRIELE UND CHOR DER HIRTEN,21,Schlummer,NN,schlummer,7573,,
tg,kq6g.0,31475,31791,GABRIELE UND CHOR DER HIRTEN,21,liegt,VVFIN,liegen,7573,,
tg,kq6g.0,31475,31791,GABRIELE UND CHOR DER HIRTEN,21,;,$.,--,7573,,
tg,kq6g.0,31475,31791,GABRIELE UND CHOR DER HIRTEN,21,Wenn,KOUS,wenn,7573,,
tg,kq6g.0,31475,31791,GABRIELE UND CHOR DER HIRTEN,21,die,ART,der,7573,,
tg,kq6g.0,31475,31791,GABRIELE UND CHOR DER HIRTEN,21,Sterne,NN,stern,7573,,
tg,kq6g.0,31475,31791,GABRIELE UND CHOR DER HIRTEN,21,aufgegangen,VVPP,aufgehen,7573,,
tg,kq6g.0,31475,31791,GABRIELE UND CHOR DER HIRTEN,21,",","$,",--,7573,,
tg,kq6g.0,31475,31791,GABRIELE UND CHOR DER HIRTEN,21,Jeder,PIS,jeder,7573,,
tg,kq6g.0,31475,31791,GABRIELE UND CHOR DER HIRTEN,21,",","$,",--,7573,,
tg,kq6g.0,31475,31791,GABRIELE UND CHOR DER HIRTEN,21,jeder,PIS,jeder,7573,,
tg,kq6g.0,31475,31791,GABRIELE UND CHOR DER HIRTEN,21,im,APPRART,in,7573,,
tg,kq6g.0,31475,31791,GABRIELE UND CHOR DER HIRTEN,21,Traume,NN,traume,7573,,
tg,kq6g.0,31475,31791,GABRIELE UND CHOR DER HIRTEN,21,sich,PRF,sich,7573,,
tg,kq6g.0,31475,31791,GABRIELE UND CHOR DER HIRTEN,21,wiegt,VVFIN,wiegen,7573,,
tg,kq6g.0,31475,31791,GABRIELE UND CHOR DER HIRTEN,21,.,$.,--,7573,,
tg,kq6g.0,31475,31791,GABRIELE UND CHOR DER HIRTEN,21,Mag,VMFIN,mögen,7573,,
tg,kq6g.0,31475,31791,GABRIELE UND CHOR DER HIRTEN,21,ein,ART,ein,7573,,
tg,kq6g.0,31475,31791,GABRIELE UND CHOR DER HIRTEN,21,ruhiges,ADJA,ruhig,7573,,
tg,kq6g.0,31475,31791,GABRIELE UND CHOR DER HIRTEN,21,Gewissen,NN,gewissen,7573,,
tg,kq6g.0,31475,31791,GABRIELE UND CHOR DER HIRTEN,21,Unserm,APPR,unser,7573,,
tg,kq6g.0,31475,31791,GABRIELE UND CHOR DER HIRTEN,21,Gast,NN,gast,7573,,
tg,kq6g.0,31475,31791,GABRIELE UND CHOR DER HIRTEN,21,den,ART,der,7573,,
tg,kq6g.0,31475,31791,GABRIELE UND CHOR DER HIRTEN,21,Schlaf,NN,schlaf,7573,,
tg,kq6g.0,31475,31791,GABRIELE UND CHOR DER HIRTEN,21,versüßen,VVINF,versüßen,7573,,
tg,kq6g.0,31475,31791,GABRIELE UND CHOR DER HIRTEN,21,",","$,",--,7573,,
tg,kq6g.0,31475,31791,GABRIELE UND CHOR DER HIRTEN,21,Bis,APPR,bis,7573,,
tg,kq6g.0,31475,31791,GABRIELE UND CHOR DER HIRTEN,21,der,ART,der,7573,,
tg,kq6g.0,31475,31791,GABRIELE UND CHOR DER HIRTEN,21,Morgenruf,NN,morgenruf,7573,,
tg,kq6g.0,31475,31791,GABRIELE UND CHOR DER HIRTEN,21,erschallt,VVFIN,erschallen,7573,,
tg,kq6g.0,31475,31791,GABRIELE UND CHOR DER HIRTEN,21,Und,KON,und,7573,,
tg,kq6g.0,31475,31791,GABRIELE UND CHOR DER HIRTEN,21,das,ART,der,7573,,
tg,kq6g.0,31475,31791,GABRIELE UND CHOR DER HIRTEN,21,Horn,NN,horn,7573,,
tg,kq6g.0,31475,31791,GABRIELE UND CHOR DER HIRTEN,21,vom,APPRART,von,7573,,
tg,kq6g.0,31475,31791,GABRIELE UND CHOR DER HIRTEN,21,Felsen,NN,fels,7573,,
tg,kq6g.0,31475,31791,GABRIELE UND CHOR DER HIRTEN,21,hallt,VVFIN,hallen,7573,,
tg,kq6g.0,31475,31791,GABRIELE UND CHOR DER HIRTEN,21,.,$.,--,7573,,
tg,kq6g.0,31798,32076,"Vasco, (Baß)",3,Wenn,KOUS,wenn,7573,,
tg,kq6g.0,31798,32076,"Vasco, (Baß)",3,er,PPER,er,7573,,
tg,kq6g.0,31798,32076,"Vasco, (Baß)",3,bald,ADV,bald,7573,,
tg,kq6g.0,31798,32076,"Vasco, (Baß)",3,",","$,",--,7573,,
tg,kq6g.0,31798,32076,"Vasco, (Baß)",3,von,APPR,von,7573,,
tg,kq6g.0,31798,32076,"Vasco, (Baß)",3,Nacht,NN,nacht,7573,,
tg,kq6g.0,31798,32076,"Vasco, (Baß)",3,umfangen,VVPP,umfangen,7573,,
tg,kq6g.0,31798,32076,"Vasco, (Baß)",3,",","$,",--,7573,,
tg,kq6g.0,31798,32076,"Vasco, (Baß)",3,In,APPR,in,7573,,
tg,kq6g.0,31798,32076,"Vasco, (Baß)",3,dem,ART,der,7573,,
tg,kq6g.0,31798,32076,"Vasco, (Baß)",3,tiefsten,ADJA,tief,7573,,
tg,kq6g.0,31798,32076,"Vasco, (Baß)",3,Schlafe,NN,schlafe,7573,,
tg,kq6g.0,31798,32076,"Vasco, (Baß)",3,liegt,VVFIN,liegen,7573,,
tg,kq6g.0,31798,32076,"Vasco, (Baß)",3,",","$,",--,7573,,
tg,kq6g.0,31798,32076,"Vasco, (Baß)",3,Dann,ADV,dann,7573,,
tg,kq6g.0,31798,32076,"Vasco, (Baß)",3,still,ADJD,still,7573,,
tg,kq6g.0,31798,32076,"Vasco, (Baß)",3,',$[,--,7573,,
tg,kq6g.0,31798,32076,"Vasco, (Baß)",3,ich,PPER,ich,7573,"Vasco, (Baß)",3
tg,kq6g.0,31798,32076,"Vasco, (Baß)",3,mein,PPOSAT,mein,7573,"Vasco, (Baß)",3
tg,kq6g.0,31798,32076,"Vasco, (Baß)",3,Glutverlangen,NN,glutverlang,7573,,
tg,kq6g.0,31798,32076,"Vasco, (Baß)",3,Und,KON,und,7573,,
tg,kq6g.0,31798,32076,"Vasco, (Baß)",3,kein,PIAT,kein,7573,,
tg,kq6g.0,31798,32076,"Vasco, (Baß)",3,Mitleid,NN,mitleid,7573,,
tg,kq6g.0,31798,32076,"Vasco, (Baß)",3,mich,PPER,mich,7573,"Vasco, (Baß)",3
tg,kq6g.0,31798,32076,"Vasco, (Baß)",3,besiegt,VVPP,besiegen,7573,,
tg,kq6g.0,31798,32076,"Vasco, (Baß)",3,.,$.,--,7573,,
tg,kq6g.0,31798,32076,"Vasco, (Baß)",3,Daß,KOUS,daß,7573,,
tg,kq6g.0,31798,32076,"Vasco, (Baß)",3,er,PPER,er,7573,,
tg,kq6g.0,31798,32076,"Vasco, (Baß)",3,wagte,VVFIN,wagen,7573,,
tg,kq6g.0,31798,32076,"Vasco, (Baß)",3,",","$,",--,7573,,
tg,kq6g.0,31798,32076,"Vasco, (Baß)",3,sie,PPER,sie,7573,,
tg,kq6g.0,31798,32076,"Vasco, (Baß)",3,zu,PTKZU,zu,7573,,
tg,kq6g.0,31798,32076,"Vasco, (Baß)",3,küssen,VVINF,küssen,7573,,
tg,kq6g.0,31798,32076,"Vasco, (Baß)",3,",","$,",--,7573,,
tg,kq6g.0,31798,32076,"Vasco, (Baß)",3,Wird,VAFIN,werden,7573,,
tg,kq6g.0,31798,32076,"Vasco, (Baß)",3,er,PPER,er,7573,,
tg,kq6g.0,31798,32076,"Vasco, (Baß)",3,schwer,ADJD,schwer,7573,,
tg,kq6g.0,31798,32076,"Vasco, (Baß)",3,entgelten,VVINF,entgeln,7573,,
tg,kq6g.0,31798,32076,"Vasco, (Baß)",3,müssen,VMFIN,müssen,7573,,
tg,kq6g.0,31798,32076,"Vasco, (Baß)",3,"!",$.,--,7573,,
tg,kq6g.0,31798,32076,"Vasco, (Baß)",3,In,APPR,in,7573,,
tg,kq6g.0,31798,32076,"Vasco, (Baß)",3,dem,ART,der,7573,,
tg,kq6g.0,31798,32076,"Vasco, (Baß)",3,Brunnen,NN,brunnen,7573,,
tg,kq6g.0,31798,32076,"Vasco, (Baß)",3,liegt,VVFIN,liegen,7573,,
tg,kq6g.0,31798,32076,"Vasco, (Baß)",3,er,PPER,er,7573,,
tg,kq6g.0,31798,32076,"Vasco, (Baß)",3,kalt,ADJD,kalt,7573,,
tg,kq6g.0,31798,32076,"Vasco, (Baß)",3,",","$,",--,7573,,
tg,kq6g.0,31798,32076,"Vasco, (Baß)",3,Wenn,KOUS,wenn,7573,,
tg,kq6g.0,31798,32076,"Vasco, (Baß)",3,der,ART,der,7573,,
tg,kq6g.0,31798,32076,"Vasco, (Baß)",3,Morgenruf,NN,morgenruf,7573,,
tg,kq6g.0,31798,32076,"Vasco, (Baß)",3,erschallt,VVPP,erschallen,7573,,
tg,kq6g.0,31798,32076,"Vasco, (Baß)",3,.,$.,--,7573,,
tg,kq6g.0,32082,32367,PEDRO UND AMBROSIO,14,Wenn,KOUS,wenn,7573,,
tg,kq6g.0,32082,32367,PEDRO UND AMBROSIO,14,er,PPER,er,7573,,
tg,kq6g.0,32082,32367,PEDRO UND AMBROSIO,14,bald,ADV,bald,7573,,
tg,kq6g.0,32082,32367,PEDRO UND AMBROSIO,14,",","$,",--,7573,,
tg,kq6g.0,32082,32367,PEDRO UND AMBROSIO,14,von,APPR,von,7573,,
tg,kq6g.0,32082,32367,PEDRO UND AMBROSIO,14,Nacht,NN,nacht,7573,,
tg,kq6g.0,32082,32367,PEDRO UND AMBROSIO,14,umfangen,VVPP,umfangen,7573,,
tg,kq6g.0,32082,32367,PEDRO UND AMBROSIO,14,",","$,",--,7573,,
tg,kq6g.0,32082,32367,PEDRO UND AMBROSIO,14,In,APPR,in,7573,,
tg,kq6g.0,32082,32367,PEDRO UND AMBROSIO,14,dem,ART,der,7573,,
tg,kq6g.0,32082,32367,PEDRO UND AMBROSIO,14,tiefsten,ADJA,tief,7573,,
tg,kq6g.0,32082,32367,PEDRO UND AMBROSIO,14,Schlafe,NN,schlafe,7573,,
tg,kq6g.0,32082,32367,PEDRO UND AMBROSIO,14,liegt,VVFIN,liegen,7573,,
tg,kq6g.0,32082,32367,PEDRO UND AMBROSIO,14,",","$,",--,7573,,
tg,kq6g.0,32082,32367,PEDRO UND AMBROSIO,14,Stillet,NN,stillet,7573,,
tg,kq6g.0,32082,32367,PEDRO UND AMBROSIO,14,Vasco,NE,vasco,7573,,
tg,kq6g.0,32082,32367,PEDRO UND AMBROSIO,14,sein,PPOSAT,sein,7573,,
tg,kq6g.0,32082,32367,PEDRO UND AMBROSIO,14,Verlangen,NN,verlangen,7573,,
tg,kq6g.0,32082,32367,PEDRO UND AMBROSIO,14,",","$,",--,7573,,
tg,kq6g.0,32082,32367,PEDRO UND AMBROSIO,14,Und,KON,und,7573,,
tg,kq6g.0,32082,32367,PEDRO UND AMBROSIO,14,kein,PIAT,kein,7573,,
tg,kq6g.0,32082,32367,PEDRO UND AMBROSIO,14,Mitleid,NN,mitleid,7573,,
tg,kq6g.0,32082,32367,PEDRO UND AMBROSIO,14,ihn,PPER,ihn,7573,,
tg,kq6g.0,32082,32367,PEDRO UND AMBROSIO,14,besiegt,VVPP,besiegen,7573,,
tg,kq6g.0,32082,32367,PEDRO UND AMBROSIO,14,.,$.,--,7573,,
tg,kq6g.0,32082,32367,PEDRO UND AMBROSIO,14,Daß,KOUS,daß,7573,,
tg,kq6g.0,32082,32367,PEDRO UND AMBROSIO,14,er,PPER,er,7573,,
tg,kq6g.0,32082,32367,PEDRO UND AMBROSIO,14,wagte,VVFIN,wagen,7573,,
tg,kq6g.0,32082,32367,PEDRO UND AMBROSIO,14,",","$,",--,7573,,
tg,kq6g.0,32082,32367,PEDRO UND AMBROSIO,14,sie,PPER,sie,7573,,
tg,kq6g.0,32082,32367,PEDRO UND AMBROSIO,14,zu,PTKZU,zu,7573,,
tg,kq6g.0,32082,32367,PEDRO UND AMBROSIO,14,küssen,VVINF,küssen,7573,,
tg,kq6g.0,32082,32367,PEDRO UND AMBROSIO,14,",","$,",--,7573,,
tg,kq6g.0,32082,32367,PEDRO UND AMBROSIO,14,Wird,VAFIN,werden,7573,,
tg,kq6g.0,32082,32367,PEDRO UND AMBROSIO,14,er,PPER,er,7573,,
tg,kq6g.0,32082,32367,PEDRO UND AMBROSIO,14,schwer,ADJD,schwer,7573,,
tg,kq6g.0,32082,32367,PEDRO UND AMBROSIO,14,entgelten,VVINF,entgeln,7573,,
tg,kq6g.0,32082,32367,PEDRO UND AMBROSIO,14,müssen,VMFIN,müssen,7573,,
tg,kq6g.0,32082,32367,PEDRO UND AMBROSIO,14,"!",$.,--,7573,,
tg,kq6g.0,32082,32367,PEDRO UND AMBROSIO,14,In,APPR,in,7573,,
tg,kq6g.0,32082,32367,PEDRO UND AMBROSIO,14,dem,ART,der,7573,,
tg,kq6g.0,32082,32367,PEDRO UND AMBROSIO,14,Brunnen,NN,brunnen,7573,,
tg,kq6g.0,32082,32367,PEDRO UND AMBROSIO,14,liegt,VVFIN,liegen,7573,,
tg,kq6g.0,32082,32367,PEDRO UND AMBROSIO,14,er,PPER,er,7573,,
tg,kq6g.0,32082,32367,PEDRO UND AMBROSIO,14,kalt,ADJD,kalt,7573,,
tg,kq6g.0,32082,32367,PEDRO UND AMBROSIO,14,",","$,",--,7573,,
tg,kq6g.0,32082,32367,PEDRO UND AMBROSIO,14,Wenn,KOUS,wenn,7573,,
tg,kq6g.0,32082,32367,PEDRO UND AMBROSIO,14,der,ART,der,7573,,
tg,kq6g.0,32082,32367,PEDRO UND AMBROSIO,14,Morgenruf,NN,morgenruf,7573,,
tg,kq6g.0,32082,32367,PEDRO UND AMBROSIO,14,erschallt,VVPP,erschallen,7573,,
tg,kq6g.0,32082,32367,PEDRO UND AMBROSIO,14,.,$.,--,7573,,
tg,kq6g.0,32373,32629,"Gabriele, seine Nichte, (Sopran)",2,Mich,PPER,mich,7573,,
tg,kq6g.0,32373,32629,"Gabriele, seine Nichte, (Sopran)",2,erfaßt,ADJD,erfassen,7573,,
tg,kq6g.0,32373,32629,"Gabriele, seine Nichte, (Sopran)",2,ein,ART,ein,7573,,
tg,kq6g.0,32373,32629,"Gabriele, seine Nichte, (Sopran)",2,mächtig,ADJD,mächtig,7573,,
tg,kq6g.0,32373,32629,"Gabriele, seine Nichte, (Sopran)",2,Bangen,VVINF,bangen,7573,,
tg,kq6g.0,32373,32629,"Gabriele, seine Nichte, (Sopran)",2,",","$,",--,7573,,
tg,kq6g.0,32373,32629,"Gabriele, seine Nichte, (Sopran)",2,Daß,KOUS,daß,7573,,
tg,kq6g.0,32373,32629,"Gabriele, seine Nichte, (Sopran)",2,der,ART,der,7573,,
tg,kq6g.0,32373,32629,"Gabriele, seine Nichte, (Sopran)",2,Fremde,NN,fremde,7573,,
tg,kq6g.0,32373,32629,"Gabriele, seine Nichte, (Sopran)",2,unterliegt,VVFIN,unterliegen,7573,,
tg,kq6g.0,32373,32629,"Gabriele, seine Nichte, (Sopran)",2,",","$,",--,7573,,
tg,kq6g.0,32373,32629,"Gabriele, seine Nichte, (Sopran)",2,Und,KON,und,7573,,
tg,kq6g.0,32373,32629,"Gabriele, seine Nichte, (Sopran)",2,die,ART,der,7573,,
tg,kq6g.0,32373,32629,"Gabriele, seine Nichte, (Sopran)",2,Angst,NN,angst,7573,,
tg,kq6g.0,32373,32629,"Gabriele, seine Nichte, (Sopran)",2,",","$,",--,7573,,
tg,kq6g.0,32373,32629,"Gabriele, seine Nichte, (Sopran)",2,die,PRELS,der,7573,,
tg,kq6g.0,32373,32629,"Gabriele, seine Nichte, (Sopran)",2,mich,PPER,mich,7573,"Gabriele, seine Nichte, (Sopran)",2
tg,kq6g.0,32373,32629,"Gabriele, seine Nichte, (Sopran)",2,befangen,VVFIN,befangen,7573,,
tg,kq6g.0,32373,32629,"Gabriele, seine Nichte, (Sopran)",2,",","$,",--,7573,,
tg,kq6g.0,32373,32629,"Gabriele, seine Nichte, (Sopran)",2,Meine,PPOSAT,mein,7573,,
tg,kq6g.0,32373,32629,"Gabriele, seine Nichte, (Sopran)",2,Hoffnung,NN,hoffnung,7573,,
tg,kq6g.0,32373,32629,"Gabriele, seine Nichte, (Sopran)",2,überwiegt,VVFIN,überwiegen,7573,,
tg,kq6g.0,32373,32629,"Gabriele, seine Nichte, (Sopran)",2,.,$.,--,7573,,
tg,kq6g.0,32373,32629,"Gabriele, seine Nichte, (Sopran)",2,Sein,PPOSAT,sein,7573,,
tg,kq6g.0,32373,32629,"Gabriele, seine Nichte, (Sopran)",2,Verderben,NN,verderben,7573,,
tg,kq6g.0,32373,32629,"Gabriele, seine Nichte, (Sopran)",2,sie,PPER,sie,7573,,
tg,kq6g.0,32373,32629,"Gabriele, seine Nichte, (Sopran)",2,beschließen,VVINF,beschließen,7573,,
tg,kq6g.0,32373,32629,"Gabriele, seine Nichte, (Sopran)",2,",","$,",--,7573,,
tg,kq6g.0,32373,32629,"Gabriele, seine Nichte, (Sopran)",2,Sein,PPOSAT,sein,7573,,
tg,kq6g.0,32373,32629,"Gabriele, seine Nichte, (Sopran)",2,Blut,NN,blut,7573,,
tg,kq6g.0,32373,32629,"Gabriele, seine Nichte, (Sopran)",2,sie,PPER,sie,7573,,
tg,kq6g.0,32373,32629,"Gabriele, seine Nichte, (Sopran)",2,vergießen,VVFIN,vergießen,7573,,
tg,kq6g.0,32373,32629,"Gabriele, seine Nichte, (Sopran)",2,"!",$.,--,7573,,
tg,kq6g.0,32373,32629,"Gabriele, seine Nichte, (Sopran)",2,In,APPR,in,7573,,
tg,kq6g.0,32373,32629,"Gabriele, seine Nichte, (Sopran)",2,dem,ART,der,7573,,
tg,kq6g.0,32373,32629,"Gabriele, seine Nichte, (Sopran)",2,düstern,ADV,düstern,7573,,
tg,kq6g.0,32373,32629,"Gabriele, seine Nichte, (Sopran)",2,Aufenthalt,NN,aufenthalt,7573,,
tg,kq6g.0,32373,32629,"Gabriele, seine Nichte, (Sopran)",2,Drohet,VVFIN,drohet,7573,,
tg,kq6g.0,32373,32629,"Gabriele, seine Nichte, (Sopran)",2,sicher,ADJD,sicher,7573,,
tg,kq6g.0,32373,32629,"Gabriele, seine Nichte, (Sopran)",2,ihm,PPER,ihm,7573,,
tg,kq6g.0,32373,32629,"Gabriele, seine Nichte, (Sopran)",2,Gewalt,NN,gewalt,7573,,
tg,kq6g.0,32373,32629,"Gabriele, seine Nichte, (Sopran)",2,.,$.,--,7573,,
tg,kq6g.0,32636,32905,JÄGER,18,Warum,PWAV,warum,7573,,
tg,kq6g.0,32636,32905,JÄGER,18,bebt,VVFIN,beben,7573,,
tg,kq6g.0,32636,32905,JÄGER,18,sie,PPER,sie,7573,,
tg,kq6g.0,32636,32905,JÄGER,18,so,ADV,so,7573,,
tg,kq6g.0,32636,32905,JÄGER,18,befangen,VVFIN,befangen,7573,,
tg,kq6g.0,32636,32905,JÄGER,18,",","$,",--,7573,,
tg,kq6g.0,32636,32905,JÄGER,18,Sie,PPER,sie,7573,,
tg,kq6g.0,32636,32905,JÄGER,18,",","$,",--,7573,,
tg,kq6g.0,32636,32905,JÄGER,18,die,PRELS,der,7573,,
tg,kq6g.0,32636,32905,JÄGER,18,mich,PPER,mich,7573,JÄGER,18
tg,kq6g.0,32636,32905,JÄGER,18,so,ADV,so,7573,,
tg,kq6g.0,32636,32905,JÄGER,18,schnell,ADJD,schnell,7573,,
tg,kq6g.0,32636,32905,JÄGER,18,besiegt,VVPP,besiegen,7573,,
tg,kq6g.0,32636,32905,JÄGER,18,",","$,",--,7573,,
tg,kq6g.0,32636,32905,JÄGER,18,Wenn,KOUS,wenn,7573,,
tg,kq6g.0,32636,32905,JÄGER,18,mein,PPOSAT,mein,7573,JÄGER,18
tg,kq6g.0,32636,32905,JÄGER,18,Blick,NN,blick,7573,,
tg,kq6g.0,32636,32905,JÄGER,18,sich,PRF,sich,7573,,
tg,kq6g.0,32636,32905,JÄGER,18,mit,APPR,mit,7573,,
tg,kq6g.0,32636,32905,JÄGER,18,Verlangen,NN,verlang,7573,,
tg,kq6g.0,32636,32905,JÄGER,18,An,APPR,an,7573,,
tg,kq6g.0,32636,32905,JÄGER,18,ihr,PPOSAT,ihr,7573,,
tg,kq6g.0,32636,32905,JÄGER,18,Sternenauge,NN,sternenauge,7573,,
tg,kq6g.0,32636,32905,JÄGER,18,schmiegt,VVFIN,schmiegen,7573,,
tg,kq6g.0,32636,32905,JÄGER,18,?,$.,--,7573,,
tg,kq6g.0,32636,32905,JÄGER,18,Daß,KOUS,daß,7573,,
tg,kq6g.0,32636,32905,JÄGER,18,ich's,PPER,ich's,7573,,
tg,kq6g.0,32636,32905,JÄGER,18,wagte,VVFIN,wagen,7573,,
tg,kq6g.0,32636,32905,JÄGER,18,",","$,",--,7573,,
tg,kq6g.0,32636,32905,JÄGER,18,sie,PPER,sie,7573,,
tg,kq6g.0,32636,32905,JÄGER,18,zu,PTKZU,zu,7573,,
tg,kq6g.0,32636,32905,JÄGER,18,küssen,VVINF,küssen,7573,,
tg,kq6g.0,32636,32905,JÄGER,18,",","$,",--,7573,,
tg,kq6g.0,32636,32905,JÄGER,18,Wird,VAFIN,werden,7573,,
tg,kq6g.0,32636,32905,JÄGER,18,die,ART,der,7573,,
tg,kq6g.0,32636,32905,JÄGER,18,Träume,NN,traum,7573,,
tg,kq6g.0,32636,32905,JÄGER,18,mir,PPER,sich,7573,JÄGER,18
tg,kq6g.0,32636,32905,JÄGER,18,versüßen,VVINF,versüßen,7573,,
tg,kq6g.0,32636,32905,JÄGER,18,.,$.,--,7573,,
tg,kq6g.0,32636,32905,JÄGER,18,Von,APPR,von,7573,,
tg,kq6g.0,32636,32905,JÄGER,18,der,ART,der,7573,,
tg,kq6g.0,32636,32905,JÄGER,18,Feen,NN,feen,7573,,
tg,kq6g.0,32636,32905,JÄGER,18,Reiz,NN,reiz,7573,,
tg,kq6g.0,32636,32905,JÄGER,18,umstrahlt,VVPP,umstrahlen,7573,,
tg,kq6g.0,32636,32905,JÄGER,18,",","$,",--,7573,,
tg,kq6g.0,32636,32905,JÄGER,18,Fesselt,VVFIN,fesselt,7573,,
tg,kq6g.0,32636,32905,JÄGER,18,sie,PPER,sie,7573,,
tg,kq6g.0,32636,32905,JÄGER,18,mit,APPR,mit,7573,,
tg,kq6g.0,32636,32905,JÄGER,18,Allgewalt,NN,allgewalt,7573,,
tg,kq6g.0,32636,32905,JÄGER,18,.,$.,--,7573,,
tg,kq6g.0,33062,33373,JÄGER,18,Warum,PWAV,warum,7573,,
tg,kq6g.0,33062,33373,JÄGER,18,bebt,VVFIN,beben,7573,,
tg,kq6g.0,33062,33373,JÄGER,18,sie,PPER,sie,7573,,
tg,kq6g.0,33062,33373,JÄGER,18,so,ADV,so,7573,,
tg,kq6g.0,33062,33373,JÄGER,18,befangen,VVFIN,befangen,7573,,
tg,kq6g.0,33062,33373,JÄGER,18,",","$,",--,7573,,
tg,kq6g.0,33062,33373,JÄGER,18,Sie,PPER,sie,7573,,
tg,kq6g.0,33062,33373,JÄGER,18,",","$,",--,7573,,
tg,kq6g.0,33062,33373,JÄGER,18,die,PRELS,der,7573,,
tg,kq6g.0,33062,33373,JÄGER,18,mich,PPER,mich,7573,JÄGER,18
tg,kq6g.0,33062,33373,JÄGER,18,so,ADV,so,7573,,
tg,kq6g.0,33062,33373,JÄGER,18,schnell,ADJD,schnell,7573,,
tg,kq6g.0,33062,33373,JÄGER,18,besiegt,VVPP,besiegen,7573,,
tg,kq6g.0,33062,33373,JÄGER,18,",","$,",--,7573,,
tg,kq6g.0,33062,33373,JÄGER,18,Wenn,KOUS,wenn,7573,,
tg,kq6g.0,33062,33373,JÄGER,18,mein,PPOSAT,mein,7573,JÄGER,18
tg,kq6g.0,33062,33373,JÄGER,18,Blick,NN,blick,7573,,
tg,kq6g.0,33062,33373,JÄGER,18,sich,PRF,sich,7573,,
tg,kq6g.0,33062,33373,JÄGER,18,mit,APPR,mit,7573,,
tg,kq6g.0,33062,33373,JÄGER,18,Verlangen,NN,verlang,7573,,
tg,kq6g.0,33062,33373,JÄGER,18,An,APPR,an,7573,,
tg,kq6g.0,33062,33373,JÄGER,18,ihr,PPOSAT,ihr,7573,,
tg,kq6g.0,33062,33373,JÄGER,18,Sternenauge,NN,sternenauge,7573,,
tg,kq6g.0,33062,33373,JÄGER,18,schmiegt,VVFIN,schmiegen,7573,,
tg,kq6g.0,33062,33373,JÄGER,18,?,$.,--,7573,,
tg,kq6g.0,33062,33373,JÄGER,18,VASCO,NE,vasco,7573,,
tg,kq6g.0,33062,33373,JÄGER,18,",","$,",--,7573,,
tg,kq6g.0,33062,33373,JÄGER,18,PEDRO,NN,pedro,7573,PEDRO UND AMBROSIO,14
tg,kq6g.0,33062,33373,JÄGER,18,UND,KON,und,7573,,
tg,kq6g.0,33062,33373,JÄGER,18,AMBROSIO,NE,ambrosio,7573,,
tg,kq6g.0,33062,33373,JÄGER,18,für,APPR,für,7573,,
tg,kq6g.0,33062,33373,JÄGER,18,sich,PRF,sich,7573,,
tg,kq6g.0,33062,33373,JÄGER,18,.,$.,--,7573,,
tg,kq6g.0,33062,33373,JÄGER,18,Daß,KOUS,daß,7573,,
tg,kq6g.0,33062,33373,JÄGER,18,er,PPER,er,7573,,
tg,kq6g.0,33062,33373,JÄGER,18,wagte,VVFIN,wagen,7573,,
tg,kq6g.0,33062,33373,JÄGER,18,",","$,",--,7573,,
tg,kq6g.0,33062,33373,JÄGER,18,sie,PPER,sie,7573,,
tg,kq6g.0,33062,33373,JÄGER,18,zu,PTKZU,zu,7573,,
tg,kq6g.0,33062,33373,JÄGER,18,küssen,VVINF,küssen,7573,,
tg,kq6g.0,33062,33373,JÄGER,18,",","$,",--,7573,,
tg,kq6g.0,33062,33373,JÄGER,18,Wird,VAFIN,werden,7573,,
tg,kq6g.0,33062,33373,JÄGER,18,er,PPER,er,7573,,
tg,kq6g.0,33062,33373,JÄGER,18,schwer,ADJD,schwer,7573,,
tg,kq6g.0,33062,33373,JÄGER,18,entgelten,VVINF,entgeln,7573,,
tg,kq6g.0,33062,33373,JÄGER,18,müssen,VMFIN,müssen,7573,,
tg,kq6g.0,33062,33373,JÄGER,18,"!",$.,--,7573,,
tg,kq6g.0,33062,33373,JÄGER,18,In,APPR,in,7573,,
tg,kq6g.0,33062,33373,JÄGER,18,dem,ART,der,7573,,
tg,kq6g.0,33062,33373,JÄGER,18,Brunnen,NN,brunnen,7573,,
tg,kq6g.0,33062,33373,JÄGER,18,liegt,VVFIN,liegen,7573,,
tg,kq6g.0,33062,33373,JÄGER,18,er,PPER,er,7573,,
tg,kq6g.0,33062,33373,JÄGER,18,kalt,ADJD,kalt,7573,,
tg,kq6g.0,33062,33373,JÄGER,18,",","$,",--,7573,,
tg,kq6g.0,33062,33373,JÄGER,18,Wenn,KOUS,wenn,7573,,
tg,kq6g.0,33062,33373,JÄGER,18,der,ART,der,7573,,
tg,kq6g.0,33062,33373,JÄGER,18,Morgenruf,NN,morgenruf,7573,,
tg,kq6g.0,33062,33373,JÄGER,18,erschallt,VVPP,erschallen,7573,,
tg,kq6g.0,33062,33373,JÄGER,18,.,$.,--,7573,,
tg,kq6g.0,33379,33777,CHOR DER HIRTEN,16,Mag,VMFIN,mögen,7573,,
tg,kq6g.0,33379,33777,CHOR DER HIRTEN,16,ein,ART,ein,7573,,
tg,kq6g.0,33379,33777,CHOR DER HIRTEN,16,ruhiges,ADJA,ruhig,7573,,
tg,kq6g.0,33379,33777,CHOR DER HIRTEN,16,Gewissen,NN,gewissen,7573,,
tg,kq6g.0,33379,33777,CHOR DER HIRTEN,16,Unserm,APPR,unser,7573,,
tg,kq6g.0,33379,33777,CHOR DER HIRTEN,16,Gast,NN,gast,7573,,
tg,kq6g.0,33379,33777,CHOR DER HIRTEN,16,den,ART,der,7573,,
tg,kq6g.0,33379,33777,CHOR DER HIRTEN,16,Schlaf,NN,schlaf,7573,,
tg,kq6g.0,33379,33777,CHOR DER HIRTEN,16,versüßen,VVINF,versüßen,7573,,
tg,kq6g.0,33379,33777,CHOR DER HIRTEN,16,",","$,",--,7573,,
tg,kq6g.0,33379,33777,CHOR DER HIRTEN,16,Bis,APPR,bis,7573,,
tg,kq6g.0,33379,33777,CHOR DER HIRTEN,16,der,ART,der,7573,,
tg,kq6g.0,33379,33777,CHOR DER HIRTEN,16,Morgenruf,NN,morgenruf,7573,,
tg,kq6g.0,33379,33777,CHOR DER HIRTEN,16,erschallt,VVPP,erschallen,7573,,
tg,kq6g.0,33379,33777,CHOR DER HIRTEN,16,",","$,",--,7573,,
tg,kq6g.0,33379,33777,CHOR DER HIRTEN,16,Und,KON,und,7573,,
tg,kq6g.0,33379,33777,CHOR DER HIRTEN,16,das,ART,der,7573,,
tg,kq6g.0,33379,33777,CHOR DER HIRTEN,16,Horn,NN,horn,7573,,
tg,kq6g.0,33379,33777,CHOR DER HIRTEN,16,vom,APPRART,von,7573,,
tg,kq6g.0,33379,33777,CHOR DER HIRTEN,16,Felsen,NN,fels,7573,,
tg,kq6g.0,33379,33777,CHOR DER HIRTEN,16,hallt,VVFIN,hallen,7573,,
tg,kq6g.0,33379,33777,CHOR DER HIRTEN,16,.,$.,--,7573,,
tg,kq6g.0,33923,34803,"Gomez, ein junger Hirt, (Tenor)",5,Wem,PWS,wem,7573,,
tg,kq6g.0,33923,34803,"Gomez, ein junger Hirt, (Tenor)",5,mag,VMFIN,mögen,7573,,
tg,kq6g.0,33923,34803,"Gomez, ein junger Hirt, (Tenor)",5,das,ART,der,7573,,
tg,kq6g.0,33923,34803,"Gomez, ein junger Hirt, (Tenor)",5,Roß,NN,roß,7573,,
tg,kq6g.0,33923,34803,"Gomez, ein junger Hirt, (Tenor)",5,wohl,ADV,wohl,7573,,
tg,kq6g.0,33923,34803,"Gomez, ein junger Hirt, (Tenor)",5,angehören,VVFIN,angehören,7573,,
tg,kq6g.0,33923,34803,"Gomez, ein junger Hirt, (Tenor)",5,",","$,",--,7573,,
tg,kq6g.0,33923,34803,"Gomez, ein junger Hirt, (Tenor)",5,Das,PDS,der,7573,,
tg,kq6g.0,33923,34803,"Gomez, ein junger Hirt, (Tenor)",5,dort,ADV,dort,7573,,
tg,kq6g.0,33923,34803,"Gomez, ein junger Hirt, (Tenor)",5,am,APPRART,an,7573,,
tg,kq6g.0,33923,34803,"Gomez, ein junger Hirt, (Tenor)",5,Baum,NN,baum,7573,,
tg,kq6g.0,33923,34803,"Gomez, ein junger Hirt, (Tenor)",5,gebunden,VVPP,binden,7573,,
tg,kq6g.0,33923,34803,"Gomez, ein junger Hirt, (Tenor)",5,steht,VVFIN,stehen,7573,,
tg,kq6g.0,33923,34803,"Gomez, ein junger Hirt, (Tenor)",5,?,$.,--,7573,,
tg,kq6g.0,33923,34803,"Gomez, ein junger Hirt, (Tenor)",5,–,XY,–,7573,,
tg,kq6g.0,33923,34803,"Gomez, ein junger Hirt, (Tenor)",5,Und,KON,und,7573,,
tg,kq6g.0,33923,34803,"Gomez, ein junger Hirt, (Tenor)",5,die,ART,der,7573,,
tg,kq6g.0,33923,34803,"Gomez, ein junger Hirt, (Tenor)",5,zwei,CARD,zwei,7573,,
tg,kq6g.0,33923,34803,"Gomez, ein junger Hirt, (Tenor)",5,Doggen,NN,dogge,7573,,
tg,kq6g.0,33923,34803,"Gomez, ein junger Hirt, (Tenor)",5,",","$,",--,7573,,
tg,kq6g.0,33923,34803,"Gomez, ein junger Hirt, (Tenor)",5,die,PRELS,der,7573,,
tg,kq6g.0,33923,34803,"Gomez, ein junger Hirt, (Tenor)",5,mit,APPR,mit,7573,,
tg,kq6g.0,33923,34803,"Gomez, ein junger Hirt, (Tenor)",5,wildem,ADJA,wild,7573,,
tg,kq6g.0,33923,34803,"Gomez, ein junger Hirt, (Tenor)",5,Heulen,NN,heule,7573,,
tg,kq6g.0,33923,34803,"Gomez, ein junger Hirt, (Tenor)",5,Am,APPRART,an,7573,,
tg,kq6g.0,33923,34803,"Gomez, ein junger Hirt, (Tenor)",5,steilen,ADJA,steil,7573,,
tg,kq6g.0,33923,34803,"Gomez, ein junger Hirt, (Tenor)",5,Felsen,NN,fels,7573,,
tg,kq6g.0,33923,34803,"Gomez, ein junger Hirt, (Tenor)",5,aufwärts,ADV,aufwärts,7573,,
tg,kq6g.0,33923,34803,"Gomez, ein junger Hirt, (Tenor)",5,streben,VVINF,streben,7573,,
tg,kq6g.0,33923,34803,"Gomez, ein junger Hirt, (Tenor)",5,?,$.,--,7573,,
tg,kq6g.0,33923,34803,"Gomez, ein junger Hirt, (Tenor)",5,Stieg,NE,stieg,7573,,
tg,kq6g.0,33923,34803,"Gomez, ein junger Hirt, (Tenor)",5,dort,ADV,dort,7573,,
tg,kq6g.0,33923,34803,"Gomez, ein junger Hirt, (Tenor)",5,ein,ART,ein,7573,,
tg,kq6g.0,33923,34803,"Gomez, ein junger Hirt, (Tenor)",5,Reiter,NN,reiter,7573,,
tg,kq6g.0,33923,34803,"Gomez, ein junger Hirt, (Tenor)",5,kühn,CARD,kühn,7573,,
tg,kq6g.0,33923,34803,"Gomez, ein junger Hirt, (Tenor)",5,den,ART,der,7573,,
tg,kq6g.0,33923,34803,"Gomez, ein junger Hirt, (Tenor)",5,Berg,NN,berg,7573,,
tg,kq6g.0,33923,34803,"Gomez, ein junger Hirt, (Tenor)",5,hinauf,ADV,hinauf,7573,,
tg,kq6g.0,33923,34803,"Gomez, ein junger Hirt, (Tenor)",5,",","$,",--,7573,,
tg,kq6g.0,33923,34803,"Gomez, ein junger Hirt, (Tenor)",5,Liegt,VVFIN,liegen,7573,,
tg,kq6g.0,33923,34803,"Gomez, ein junger Hirt, (Tenor)",5,er,PPER,er,7573,,
tg,kq6g.0,33923,34803,"Gomez, ein junger Hirt, (Tenor)",5,wohl,ADV,wohl,7573,,
tg,kq6g.0,33923,34803,"Gomez, ein junger Hirt, (Tenor)",5,längst,ADV,längst,7573,,
tg,kq6g.0,33923,34803,"Gomez, ein junger Hirt, (Tenor)",5,im,APPRART,in,7573,,
tg,kq6g.0,33923,34803,"Gomez, ein junger Hirt, (Tenor)",5,Felsengrund,NN,felsengrund,7573,,
tg,kq6g.0,33923,34803,"Gomez, ein junger Hirt, (Tenor)",5,begraben,VVPP,begraben,7573,,
tg,kq6g.0,33923,34803,"Gomez, ein junger Hirt, (Tenor)",5,.,$.,--,7573,,
tg,kq6g.0,33923,34803,"Gomez, ein junger Hirt, (Tenor)",5,Was,PWS,was,7573,,
tg,kq6g.0,33923,34803,"Gomez, ein junger Hirt, (Tenor)",5,soll,VMFIN,sollen,7573,,
tg,kq6g.0,33923,34803,"Gomez, ein junger Hirt, (Tenor)",5,ich,PPER,ich,7573,"Gomez, ein junger Hirt, (Tenor)",5
tg,kq6g.0,33923,34803,"Gomez, ein junger Hirt, (Tenor)",5,thun,VVFIN,thun,7573,,
tg,kq6g.0,33923,34803,"Gomez, ein junger Hirt, (Tenor)",5,",","$,",--,7573,,
tg,kq6g.0,33923,34803,"Gomez, ein junger Hirt, (Tenor)",5,vergebens,ADV,vergebens,7573,,
tg,kq6g.0,33923,34803,"Gomez, ein junger Hirt, (Tenor)",5,ist,VAFIN,sein,7573,,
tg,kq6g.0,33923,34803,"Gomez, ein junger Hirt, (Tenor)",5,mein,PPOSAT,mein,7573,"Gomez, ein junger Hirt, (Tenor)",5
tg,kq6g.0,33923,34803,"Gomez, ein junger Hirt, (Tenor)",5,Streben,NN,streben,7573,,
tg,kq6g.0,33923,34803,"Gomez, ein junger Hirt, (Tenor)",5,"!",$.,--,7573,,
tg,kq6g.0,33923,34803,"Gomez, ein junger Hirt, (Tenor)",5,Wo,PWAV,wo,7573,,
tg,kq6g.0,33923,34803,"Gomez, ein junger Hirt, (Tenor)",5,weilt,VVFIN,weilen,7573,,
tg,kq6g.0,33923,34803,"Gomez, ein junger Hirt, (Tenor)",5,der,ART,der,7573,,
tg,kq6g.0,33923,34803,"Gomez, ein junger Hirt, (Tenor)",5,Prinz,NN,prinz,7573,,
tg,kq6g.0,33923,34803,"Gomez, ein junger Hirt, (Tenor)",5,?,$.,--,7573,,
tg,kq6g.0,33923,34803,"Gomez, ein junger Hirt, (Tenor)",5,Wer,PWS,wer,7573,,
tg,kq6g.0,33923,34803,"Gomez, ein junger Hirt, (Tenor)",5,kann,VMFIN,können,7573,,
tg,kq6g.0,33923,34803,"Gomez, ein junger Hirt, (Tenor)",5,mir,PPER,sich,7573,"Gomez, ein junger Hirt, (Tenor)",5
tg,kq6g.0,33923,34803,"Gomez, ein junger Hirt, (Tenor)",5,Kunde,NN,kunde,7573,,
tg,kq6g.0,33923,34803,"Gomez, ein junger Hirt, (Tenor)",5,geben,VVINF,geben,7573,,
tg,kq6g.0,33923,34803,"Gomez, ein junger Hirt, (Tenor)",5,?,$.,--,7573,,
tg,kq6g.0,33923,34803,"Gomez, ein junger Hirt, (Tenor)",5,Mich,PPER,mich,7573,,
tg,kq6g.0,33923,34803,"Gomez, ein junger Hirt, (Tenor)",5,führt,VVFIN,führen,7573,,
tg,kq6g.0,33923,34803,"Gomez, ein junger Hirt, (Tenor)",5,auf,APPR,auf,7573,,
tg,kq6g.0,33923,34803,"Gomez, ein junger Hirt, (Tenor)",5,falschem,ADJA,falsch,7573,,
tg,kq6g.0,33923,34803,"Gomez, ein junger Hirt, (Tenor)",5,Pfad,NN,pfad,7573,,
tg,kq6g.0,33923,34803,"Gomez, ein junger Hirt, (Tenor)",5,ein,ART,ein,7573,,
tg,kq6g.0,33923,34803,"Gomez, ein junger Hirt, (Tenor)",5,böser,ADJA,böse,7573,,
tg,kq6g.0,33923,34803,"Gomez, ein junger Hirt, (Tenor)",5,Stern,NN,stern,7573,,
tg,kq6g.0,33923,34803,"Gomez, ein junger Hirt, (Tenor)",5,.,$.,--,7573,,
tg,kq6g.0,33923,34803,"Gomez, ein junger Hirt, (Tenor)",5,Mein,PPOSAT,mein,7573,,
tg,kq6g.0,33923,34803,"Gomez, ein junger Hirt, (Tenor)",5,heißersehntes,ADJA,heißersehnt,7573,,
tg,kq6g.0,33923,34803,"Gomez, ein junger Hirt, (Tenor)",5,Ziel,NN,ziel,7573,,
tg,kq6g.0,33923,34803,"Gomez, ein junger Hirt, (Tenor)",5,",","$,",--,7573,,
tg,kq6g.0,33923,34803,"Gomez, ein junger Hirt, (Tenor)",5,es,PPER,es,7573,,
tg,kq6g.0,33923,34803,"Gomez, ein junger Hirt, (Tenor)",5,bleibt,VVFIN,bleiben,7573,,
tg,kq6g.0,33923,34803,"Gomez, ein junger Hirt, (Tenor)",5,mir,PPER,sich,7573,"Gomez, ein junger Hirt, (Tenor)",5
tg,kq6g.0,33923,34803,"Gomez, ein junger Hirt, (Tenor)",5,fern,ADJD,fern,7573,,
tg,kq6g.0,33923,34803,"Gomez, ein junger Hirt, (Tenor)",5,.,$.,--,7573,,
tg,kq6g.0,33923,34803,"Gomez, ein junger Hirt, (Tenor)",5,–,XY,–,7573,,
tg,kq6g.0,33923,34803,"Gomez, ein junger Hirt, (Tenor)",5,Doch,KON,doch,7573,,
tg,kq6g.0,33923,34803,"Gomez, ein junger Hirt, (Tenor)",5,hör,VAFIN,hör,7573,,
tg,kq6g.0,33923,34803,"Gomez, ein junger Hirt, (Tenor)",5,',$[,--,7573,,
tg,kq6g.0,33923,34803,"Gomez, ein junger Hirt, (Tenor)",5,ich,PPER,ich,7573,"Gomez, ein junger Hirt, (Tenor)",5
tg,kq6g.0,33923,34803,"Gomez, ein junger Hirt, (Tenor)",5,recht,ADV,recht,7573,,
tg,kq6g.0,33923,34803,"Gomez, ein junger Hirt, (Tenor)",5,?,$.,--,7573,,
tg,kq6g.0,33923,34803,"Gomez, ein junger Hirt, (Tenor)",5,Des,ART,der,7573,,
tg,kq6g.0,33923,34803,"Gomez, ein junger Hirt, (Tenor)",5,Berges,NN,berg,7573,,
tg,kq6g.0,33923,34803,"Gomez, ein junger Hirt, (Tenor)",5,Wiederhall,NE,wiederhall,7573,,
tg,kq6g.0,33923,34803,"Gomez, ein junger Hirt, (Tenor)",5,Giebt,NE,gieben,7573,,
tg,kq6g.0,33923,34803,"Gomez, ein junger Hirt, (Tenor)",5,klar,ADJD,klar,7573,,
tg,kq6g.0,33923,34803,"Gomez, ein junger Hirt, (Tenor)",5,zurück,PTKVZ,zurück,7573,,
tg,kq6g.0,33923,34803,"Gomez, ein junger Hirt, (Tenor)",5,des,ART,der,7573,,
tg,kq6g.0,33923,34803,"Gomez, ein junger Hirt, (Tenor)",5,nahen,ADJA,nah,7573,,
tg,kq6g.0,33923,34803,"Gomez, ein junger Hirt, (Tenor)",5,Jagdhorns,NN,jagdhorn,7573,,
tg,kq6g.0,33923,34803,"Gomez, ein junger Hirt, (Tenor)",5,Schall,NE,schall,7573,,
tg,kq6g.0,33923,34803,"Gomez, ein junger Hirt, (Tenor)",5,.,$.,--,7573,,
tg,kq6g.0,33923,34803,"Gomez, ein junger Hirt, (Tenor)",5,Und,KON,und,7573,,
tg,kq6g.0,33923,34803,"Gomez, ein junger Hirt, (Tenor)",5,flinke,ADJA,flinken,7573,,
tg,kq6g.0,33923,34803,"Gomez, ein junger Hirt, (Tenor)",5,Reiter,NN,reiter,7573,,
tg,kq6g.0,33923,34803,"Gomez, ein junger Hirt, (Tenor)",5,seh,VVFIN,seh,7573,,
tg,kq6g.0,33923,34803,"Gomez, ein junger Hirt, (Tenor)",5,',$[,--,7573,,
tg,kq6g.0,33923,34803,"Gomez, ein junger Hirt, (Tenor)",5,hierher,PROAV,hierher,7573,,
tg,kq6g.0,33923,34803,"Gomez, ein junger Hirt, (Tenor)",5,ich,PPER,ich,7573,"Gomez, ein junger Hirt, (Tenor)",5
tg,kq6g.0,33923,34803,"Gomez, ein junger Hirt, (Tenor)",5,dringen,VVFIN,dringen,7573,,
tg,kq6g.0,33923,34803,"Gomez, ein junger Hirt, (Tenor)",5,",","$,",--,7573,,
tg,kq6g.0,33923,34803,"Gomez, ein junger Hirt, (Tenor)",5,Durchs,NE,durch,7573,,
tg,kq6g.0,33923,34803,"Gomez, ein junger Hirt, (Tenor)",5,dunkle,ADJA,dunkel,7573,,
tg,kq6g.0,33923,34803,"Gomez, ein junger Hirt, (Tenor)",5,Thal,NN,thal,7573,,
tg,kq6g.0,33923,34803,"Gomez, ein junger Hirt, (Tenor)",5,sie,PPER,sie,7573,,
tg,kq6g.0,33923,34803,"Gomez, ein junger Hirt, (Tenor)",5,hoch,ADJD,hoch,7573,,
tg,kq6g.0,33923,34803,"Gomez, ein junger Hirt, (Tenor)",5,die,ART,der,7573,,
tg,kq6g.0,33923,34803,"Gomez, ein junger Hirt, (Tenor)",5,Fackeln,NN,fackel,7573,,
tg,kq6g.0,33923,34803,"Gomez, ein junger Hirt, (Tenor)",5,schwingen,VVFIN,schwingen,7573,,
tg,kq6g.0,33923,34803,"Gomez, ein junger Hirt, (Tenor)",5,.,$.,--,7573,,
tg,kq6g.0,33923,34803,"Gomez, ein junger Hirt, (Tenor)",5,Sie,PPER,sie,7573,,
tg,kq6g.0,33923,34803,"Gomez, ein junger Hirt, (Tenor)",5,sitzen,VVFIN,sitzen,7573,,
tg,kq6g.0,33923,34803,"Gomez, ein junger Hirt, (Tenor)",5,ab,PTKVZ,ab,7573,,
tg,kq6g.0,33923,34803,"Gomez, ein junger Hirt, (Tenor)",5,und,KON,und,7573,,
tg,kq6g.0,33923,34803,"Gomez, ein junger Hirt, (Tenor)",5,klettern,VVFIN,klettern,7573,,
tg,kq6g.0,33923,34803,"Gomez, ein junger Hirt, (Tenor)",5,rasch,ADJD,rasch,7573,,
tg,kq6g.0,33923,34803,"Gomez, ein junger Hirt, (Tenor)",5,hinauf,ADV,hinauf,7573,,
tg,kq6g.0,33923,34803,"Gomez, ein junger Hirt, (Tenor)",5,;,$.,--,7573,,
tg,kq6g.0,33923,34803,"Gomez, ein junger Hirt, (Tenor)",5,Schnell,ADJD,schnell,7573,,
tg,kq6g.0,33923,34803,"Gomez, ein junger Hirt, (Tenor)",5,nahen,ADJA,nehen,7573,,
tg,kq6g.0,33923,34803,"Gomez, ein junger Hirt, (Tenor)",5,sie,PPER,sie,7573,,
tg,kq6g.0,33923,34803,"Gomez, ein junger Hirt, (Tenor)",5,",","$,",--,7573,,
tg,kq6g.0,33923,34803,"Gomez, ein junger Hirt, (Tenor)",5,beflügelt,VVFIN,beflügeln,7573,,
tg,kq6g.0,33923,34803,"Gomez, ein junger Hirt, (Tenor)",5,scheint,VVFIN,scheinen,7573,,
tg,kq6g.0,33923,34803,"Gomez, ein junger Hirt, (Tenor)",5,ihr,PPOSAT,ihr,7573,,
tg,kq6g.0,33923,34803,"Gomez, ein junger Hirt, (Tenor)",5,Lauf,NN,lauf,7573,,
tg,kq6g.0,33923,34803,"Gomez, ein junger Hirt, (Tenor)",5,.,$.,--,7573,,
tg,kq6g.0,34920,35108,OTTO UND CHOR DER JÄGER,9,Nur,ADV,nur,7573,,
tg,kq6g.0,34920,35108,OTTO UND CHOR DER JÄGER,9,froh,ADJD,froh,7573,,
tg,kq6g.0,34920,35108,OTTO UND CHOR DER JÄGER,9,vertraut,ADJD,vertrauen,7573,,
tg,kq6g.0,34920,35108,OTTO UND CHOR DER JÄGER,9,Der,ART,der,7573,,
tg,kq6g.0,34920,35108,OTTO UND CHOR DER JÄGER,9,Hunde,NN,hund,7573,,
tg,kq6g.0,34920,35108,OTTO UND CHOR DER JÄGER,9,Laut,APPR,laut,7573,,
tg,kq6g.0,34920,35108,OTTO UND CHOR DER JÄGER,9,",","$,",--,7573,,
tg,kq6g.0,34920,35108,OTTO UND CHOR DER JÄGER,9,Es,PPER,es,7573,,
tg,kq6g.0,34920,35108,OTTO UND CHOR DER JÄGER,9,winkt,VVFIN,winken,7573,,
tg,kq6g.0,34920,35108,OTTO UND CHOR DER JÄGER,9,die,ART,der,7573,,
tg,kq6g.0,34920,35108,OTTO UND CHOR DER JÄGER,9,Hoffnungsbahn,NN,hoffnungsbahn,7573,,
tg,kq6g.0,34920,35108,OTTO UND CHOR DER JÄGER,9,"!",$.,--,7573,,
tg,kq6g.0,34920,35108,OTTO UND CHOR DER JÄGER,9,Hier,ADV,hier,7573,,
tg,kq6g.0,34920,35108,OTTO UND CHOR DER JÄGER,9,muß,VMFIN,müssen,7573,,
tg,kq6g.0,34920,35108,OTTO UND CHOR DER JÄGER,9,er,PPER,er,7573,,
tg,kq6g.0,34920,35108,OTTO UND CHOR DER JÄGER,9,sein,PPOSAT,sein,7573,,
tg,kq6g.0,34920,35108,OTTO UND CHOR DER JÄGER,9,;,$.,--,7573,,
tg,kq6g.0,34920,35108,OTTO UND CHOR DER JÄGER,9,Bei,APPR,bei,7573,,
tg,kq6g.0,34920,35108,OTTO UND CHOR DER JÄGER,9,Fackelschein,NN,fackelschein,7573,,
tg,kq6g.0,34920,35108,OTTO UND CHOR DER JÄGER,9,Empor,NE,empor,7573,,
tg,kq6g.0,34920,35108,OTTO UND CHOR DER JÄGER,9,",","$,",--,7573,,
tg,kq6g.0,34920,35108,OTTO UND CHOR DER JÄGER,9,hinauf,ADV,hinauf,7573,,
tg,kq6g.0,34920,35108,OTTO UND CHOR DER JÄGER,9,",","$,",--,7573,,
tg,kq6g.0,34920,35108,OTTO UND CHOR DER JÄGER,9,hinan,VVFIN,hinan,7573,,
tg,kq6g.0,34920,35108,OTTO UND CHOR DER JÄGER,9,"!",$.,--,7573,,
tg,kq6g.0,35114,35274,"Gomez, ein junger Hirt, (Tenor)",5,Ihr,PPOSAT,ihr,7573,,
tg,kq6g.0,35114,35274,"Gomez, ein junger Hirt, (Tenor)",5,suchet,ADJD,suchen,7573,,
tg,kq6g.0,35114,35274,"Gomez, ein junger Hirt, (Tenor)",5,jenes,PDAT,jener,7573,,
tg,kq6g.0,35114,35274,"Gomez, ein junger Hirt, (Tenor)",5,Rosses,NN,roß,7573,,
tg,kq6g.0,35114,35274,"Gomez, ein junger Hirt, (Tenor)",5,Herrn,NN,herr,7573,,
tg,kq6g.0,35114,35274,"Gomez, ein junger Hirt, (Tenor)",5,?,$.,--,7573,,
tg,kq6g.0,35114,35274,"Gomez, ein junger Hirt, (Tenor)",5,Wohl,ADV,wohl,7573,,
tg,kq6g.0,35114,35274,"Gomez, ein junger Hirt, (Tenor)",5,gäb,ADV,geben,7573,,
tg,kq6g.0,35114,35274,"Gomez, ein junger Hirt, (Tenor)",5,',$[,--,7573,,
tg,kq6g.0,35114,35274,"Gomez, ein junger Hirt, (Tenor)",5,ich,PPER,ich,7573,"Gomez, ein junger Hirt, (Tenor)",5
tg,kq6g.0,35114,35274,"Gomez, ein junger Hirt, (Tenor)",5,Kunde,NN,kunde,7573,,
tg,kq6g.0,35114,35274,"Gomez, ein junger Hirt, (Tenor)",5,euch,PRF,euch,7573,,
tg,kq6g.0,35114,35274,"Gomez, ein junger Hirt, (Tenor)",5,gar,ADV,gar,7573,,
tg,kq6g.0,35114,35274,"Gomez, ein junger Hirt, (Tenor)",5,gern,ADV,gern,7573,,
tg,kq6g.0,35114,35274,"Gomez, ein junger Hirt, (Tenor)",5,:,$.,--,7573,,
tg,kq6g.0,35114,35274,"Gomez, ein junger Hirt, (Tenor)",5,Er,PPER,er,7573,,
tg,kq6g.0,35114,35274,"Gomez, ein junger Hirt, (Tenor)",5,stieg,VVFIN,steigen,7573,,
tg,kq6g.0,35114,35274,"Gomez, ein junger Hirt, (Tenor)",5,den,ART,der,7573,,
tg,kq6g.0,35114,35274,"Gomez, ein junger Hirt, (Tenor)",5,Felsensteig,NN,felsensteig,7573,,
tg,kq6g.0,35114,35274,"Gomez, ein junger Hirt, (Tenor)",5,hinan,VVFIN,hinan,7573,,
tg,kq6g.0,35114,35274,"Gomez, ein junger Hirt, (Tenor)",5,",","$,",--,7573,,
tg,kq6g.0,35114,35274,"Gomez, ein junger Hirt, (Tenor)",5,Die,ART,der,7573,,
tg,kq6g.0,35114,35274,"Gomez, ein junger Hirt, (Tenor)",5,Hunde,NN,hund,7573,,
tg,kq6g.0,35114,35274,"Gomez, ein junger Hirt, (Tenor)",5,zeigen's,VVFIN,zeigen,7573,,
tg,kq6g.0,35114,35274,"Gomez, ein junger Hirt, (Tenor)",5,deutlich,ADJD,deutlich,7573,,
tg,kq6g.0,35114,35274,"Gomez, ein junger Hirt, (Tenor)",5,an,PTKVZ,an,7573,,
tg,kq6g.0,35114,35274,"Gomez, ein junger Hirt, (Tenor)",5,.,$.,--,7573,,
tg,kq6g.0,35280,35420,OTTO UND CHOR DER JÄGER,9,Ihm,PPER,ihm,7573,,
tg,kq6g.0,35280,35420,OTTO UND CHOR DER JÄGER,9,nach,APPR,nach,7573,,
tg,kq6g.0,35280,35420,OTTO UND CHOR DER JÄGER,9,",","$,",--,7573,,
tg,kq6g.0,35280,35420,OTTO UND CHOR DER JÄGER,9,ihm,PPER,ihm,7573,,
tg,kq6g.0,35280,35420,OTTO UND CHOR DER JÄGER,9,nach,PTKVZ,nach,7573,,
tg,kq6g.0,35280,35420,OTTO UND CHOR DER JÄGER,9,",","$,",--,7573,,
tg,kq6g.0,35280,35420,OTTO UND CHOR DER JÄGER,9,ihm,PPER,ihm,7573,,
tg,kq6g.0,35280,35420,OTTO UND CHOR DER JÄGER,9,nach,PTKVZ,nach,7573,,
tg,kq6g.0,35280,35420,OTTO UND CHOR DER JÄGER,9,",","$,",--,7573,,
tg,kq6g.0,35280,35420,OTTO UND CHOR DER JÄGER,9,den,ART,der,7573,,
tg,kq6g.0,35280,35420,OTTO UND CHOR DER JÄGER,9,Pfad,NN,pfad,7573,,
tg,kq6g.0,35280,35420,OTTO UND CHOR DER JÄGER,9,hinan,VVFIN,hinan,7573,,
tg,kq6g.0,35280,35420,OTTO UND CHOR DER JÄGER,9,"!",$.,--,7573,,
tg,kq6g.0,35280,35420,OTTO UND CHOR DER JÄGER,9,Der,ART,der,7573,,
tg,kq6g.0,35280,35420,OTTO UND CHOR DER JÄGER,9,Hunde,NN,hund,7573,,
tg,kq6g.0,35280,35420,OTTO UND CHOR DER JÄGER,9,Spur,NN,Spur,7573,,
tg,kq6g.0,35280,35420,OTTO UND CHOR DER JÄGER,9,zeigt,VVFIN,zeigen,7573,,
tg,kq6g.0,35280,35420,OTTO UND CHOR DER JÄGER,9,uns,PPER,uns,7573,,
tg,kq6g.0,35280,35420,OTTO UND CHOR DER JÄGER,9,die,ART,der,7573,,
tg,kq6g.0,35280,35420,OTTO UND CHOR DER JÄGER,9,Bahn,NN,bahn,7573,,
tg,kq6g.0,35280,35420,OTTO UND CHOR DER JÄGER,9,.,$.,--,7573,,
tg,kq6g.0,35426,35762,"Gomez, ein junger Hirt, (Tenor)",5,Haltet,NE,halten,7573,,
tg,kq6g.0,35426,35762,"Gomez, ein junger Hirt, (Tenor)",5,ein,ART,ein,7573,,
tg,kq6g.0,35426,35762,"Gomez, ein junger Hirt, (Tenor)",5,"!",$.,--,7573,,
tg,kq6g.0,35426,35762,"Gomez, ein junger Hirt, (Tenor)",5,Haltet,NE,halten,7573,,
tg,kq6g.0,35426,35762,"Gomez, ein junger Hirt, (Tenor)",5,ein,ART,ein,7573,,
tg,kq6g.0,35426,35762,"Gomez, ein junger Hirt, (Tenor)",5,"!",$.,--,7573,,
tg,kq6g.0,35426,35762,"Gomez, ein junger Hirt, (Tenor)",5,Vergebens,NE,vergebens,7573,,
tg,kq6g.0,35426,35762,"Gomez, ein junger Hirt, (Tenor)",5,nur,ADV,nur,7573,,
tg,kq6g.0,35426,35762,"Gomez, ein junger Hirt, (Tenor)",5,wär,VAFIN,sein,7573,,
tg,kq6g.0,35426,35762,"Gomez, ein junger Hirt, (Tenor)",5,',$[,--,7573,,
tg,kq6g.0,35426,35762,"Gomez, ein junger Hirt, (Tenor)",5,euer,ADJA,euer,7573,,
tg,kq6g.0,35426,35762,"Gomez, ein junger Hirt, (Tenor)",5,Wagen,NN,wagen,7573,,
tg,kq6g.0,35426,35762,"Gomez, ein junger Hirt, (Tenor)",5,.,$.,--,7573,,
tg,kq6g.0,35426,35762,"Gomez, ein junger Hirt, (Tenor)",5,Ihr,PPOSAT,ihr,7573,,
tg,kq6g.0,35426,35762,"Gomez, ein junger Hirt, (Tenor)",5,möget,ADJD,möget,7573,,
tg,kq6g.0,35426,35762,"Gomez, ein junger Hirt, (Tenor)",5,links,ADV,links,7573,,
tg,kq6g.0,35426,35762,"Gomez, ein junger Hirt, (Tenor)",5,den,ART,der,7573,,
tg,kq6g.0,35426,35762,"Gomez, ein junger Hirt, (Tenor)",5,Berg,NN,berg,7573,,
tg,kq6g.0,35426,35762,"Gomez, ein junger Hirt, (Tenor)",5,umjagen,VVFIN,umjagen,7573,,
tg,kq6g.0,35426,35762,"Gomez, ein junger Hirt, (Tenor)",5,",","$,",--,7573,,
tg,kq6g.0,35426,35762,"Gomez, ein junger Hirt, (Tenor)",5,Bis,KOUS,bis,7573,,
tg,kq6g.0,35426,35762,"Gomez, ein junger Hirt, (Tenor)",5,ein,ART,ein,7573,,
tg,kq6g.0,35426,35762,"Gomez, ein junger Hirt, (Tenor)",5,verfallnes,ADJA,verfalln,7573,,
tg,kq6g.0,35426,35762,"Gomez, ein junger Hirt, (Tenor)",5,Maurenschloß,NN,maurenschloß,7573,,
tg,kq6g.0,35426,35762,"Gomez, ein junger Hirt, (Tenor)",5,ihr,PPOSAT,ihr,7573,,
tg,kq6g.0,35426,35762,"Gomez, ein junger Hirt, (Tenor)",5,seht,VVFIN,sehen,7573,,
tg,kq6g.0,35426,35762,"Gomez, ein junger Hirt, (Tenor)",5,",","$,",--,7573,,
tg,kq6g.0,35426,35762,"Gomez, ein junger Hirt, (Tenor)",5,Indessen,ADV,indessen,7573,,
tg,kq6g.0,35426,35762,"Gomez, ein junger Hirt, (Tenor)",5,ich,PPER,ich,7573,"Gomez, ein junger Hirt, (Tenor)",5
tg,kq6g.0,35426,35762,"Gomez, ein junger Hirt, (Tenor)",5,",","$,",--,7573,,
tg,kq6g.0,35426,35762,"Gomez, ein junger Hirt, (Tenor)",5,des,ART,der,7573,,
tg,kq6g.0,35426,35762,"Gomez, ein junger Hirt, (Tenor)",5,Weges,NN,weg,7573,,
tg,kq6g.0,35426,35762,"Gomez, ein junger Hirt, (Tenor)",5,kundig,ADJD,kundig,7573,,
tg,kq6g.0,35426,35762,"Gomez, ein junger Hirt, (Tenor)",5,",","$,",--,7573,,
tg,kq6g.0,35426,35762,"Gomez, ein junger Hirt, (Tenor)",5,Der,ART,der,7573,,
tg,kq6g.0,35426,35762,"Gomez, ein junger Hirt, (Tenor)",5,Jugendkraft,NN,jugendkraft,7573,,
tg,kq6g.0,35426,35762,"Gomez, ein junger Hirt, (Tenor)",5,mein,PPOSAT,mein,7573,"Gomez, ein junger Hirt, (Tenor)",5
tg,kq6g.0,35426,35762,"Gomez, ein junger Hirt, (Tenor)",5,Leben,NN,leben,7573,,
tg,kq6g.0,35426,35762,"Gomez, ein junger Hirt, (Tenor)",5,anvertrau,VVFIN,anvertrau,7573,,
tg,kq6g.0,35426,35762,"Gomez, ein junger Hirt, (Tenor)",5,',$[,--,7573,,
tg,kq6g.0,35426,35762,"Gomez, ein junger Hirt, (Tenor)",5,.,$.,--,7573,,
tg,kq6g.0,35426,35762,"Gomez, ein junger Hirt, (Tenor)",5,Bei,APPR,bei,7573,,
tg,kq6g.0,35426,35762,"Gomez, ein junger Hirt, (Tenor)",5,jenem,PDAT,jener,7573,,
tg,kq6g.0,35426,35762,"Gomez, ein junger Hirt, (Tenor)",5,Schlosse,NN,schloß,7573,,
tg,kq6g.0,35426,35762,"Gomez, ein junger Hirt, (Tenor)",5,finden,VVFIN,finden,7573,,
tg,kq6g.0,35426,35762,"Gomez, ein junger Hirt, (Tenor)",5,wir,PPER,wir,7573,,
tg,kq6g.0,35426,35762,"Gomez, ein junger Hirt, (Tenor)",5,uns,PRF,uns,7573,,
tg,kq6g.0,35426,35762,"Gomez, ein junger Hirt, (Tenor)",5,wieder,ADV,wieder,7573,,
tg,kq6g.0,35426,35762,"Gomez, ein junger Hirt, (Tenor)",5,Und,KON,und,7573,,
tg,kq6g.0,35426,35762,"Gomez, ein junger Hirt, (Tenor)",5,wohl,ADV,wohl,7573,,
tg,kq6g.0,35426,35762,"Gomez, ein junger Hirt, (Tenor)",5,auch,ADV,auch,7573,,
tg,kq6g.0,35426,35762,"Gomez, ein junger Hirt, (Tenor)",5,den,ART,der,7573,,
tg,kq6g.0,35426,35762,"Gomez, ein junger Hirt, (Tenor)",5,Gefährten,NN,gefährte,7573,,
tg,kq6g.0,35426,35762,"Gomez, ein junger Hirt, (Tenor)",5,",","$,",--,7573,,
tg,kq6g.0,35426,35762,"Gomez, ein junger Hirt, (Tenor)",5,den,PRELS,der,7573,,
tg,kq6g.0,35426,35762,"Gomez, ein junger Hirt, (Tenor)",5,so,ADV,so,7573,,
tg,kq6g.0,35426,35762,"Gomez, ein junger Hirt, (Tenor)",5,heiß,ADJD,heiß,7573,,
tg,kq6g.0,35426,35762,"Gomez, ein junger Hirt, (Tenor)",5,ihr,PPER,ihr,7573,,
tg,kq6g.0,35426,35762,"Gomez, ein junger Hirt, (Tenor)",5,sucht,VVFIN,suchen,7573,,
tg,kq6g.0,35426,35762,"Gomez, ein junger Hirt, (Tenor)",5,.,$.,--,7573,,
tg,kq6g.0,35768,35919,OTTO UND CHOR DER JÄGER,9,Mag,VMFIN,mögen,7573,,
tg,kq6g.0,35768,35919,OTTO UND CHOR DER JÄGER,9,dein,PPOSAT,dein,7573,,
tg,kq6g.0,35768,35919,OTTO UND CHOR DER JÄGER,9,Fuß,NN,fuß,7573,,
tg,kq6g.0,35768,35919,OTTO UND CHOR DER JÄGER,9,dich,PRF,dich,7573,,
tg,kq6g.0,35768,35919,OTTO UND CHOR DER JÄGER,9,sicher,ADJD,sicher,7573,,
tg,kq6g.0,35768,35919,OTTO UND CHOR DER JÄGER,9,tragen,VVINF,tragen,7573,,
tg,kq6g.0,35768,35919,OTTO UND CHOR DER JÄGER,9,",","$,",--,7573,,
tg,kq6g.0,35768,35919,OTTO UND CHOR DER JÄGER,9,Denn,KON,denn,7573,,
tg,kq6g.0,35768,35919,OTTO UND CHOR DER JÄGER,9,das,ART,der,7573,,
tg,kq6g.0,35768,35919,OTTO UND CHOR DER JÄGER,9,Höchste,ADJA,hoch,7573,,
tg,kq6g.0,35768,35919,OTTO UND CHOR DER JÄGER,9,mußt,VMFIN,mussen,7573,,
tg,kq6g.0,35768,35919,OTTO UND CHOR DER JÄGER,9,du,PPER,du,7573,,
tg,kq6g.0,35768,35919,OTTO UND CHOR DER JÄGER,9,wagen,VVFIN,wagen,7573,,
tg,kq6g.0,35768,35919,OTTO UND CHOR DER JÄGER,9,;,$.,--,7573,,
tg,kq6g.0,35768,35919,OTTO UND CHOR DER JÄGER,9,Deiner,PPOSAT,deiner,7573,,
tg,kq6g.0,35768,35919,OTTO UND CHOR DER JÄGER,9,Treue,NN,treue,7573,,
tg,kq6g.0,35768,35919,OTTO UND CHOR DER JÄGER,9,schönsten,ADJA,schön,7573,,
tg,kq6g.0,35768,35919,OTTO UND CHOR DER JÄGER,9,Lohn,NN,lohn,7573,,
tg,kq6g.0,35768,35919,OTTO UND CHOR DER JÄGER,9,Findest,NE,findest,7573,,
tg,kq6g.0,35768,35919,OTTO UND CHOR DER JÄGER,9,du,NE,du,7573,,
tg,kq6g.0,35768,35919,OTTO UND CHOR DER JÄGER,9,am,APPRART,an,7573,,
tg,kq6g.0,35768,35919,OTTO UND CHOR DER JÄGER,9,Herrscherthron,NN,herrscherthron,7573,,
tg,kq6g.0,35768,35919,OTTO UND CHOR DER JÄGER,9,.,$.,--,7573,,
tg,kq6g.0,35925,36056,"Gomez, ein junger Hirt, (Tenor)",5,Kühn,NE,kühn,7573,,
tg,kq6g.0,35925,36056,"Gomez, ein junger Hirt, (Tenor)",5,will,VMFIN,wollen,7573,,
tg,kq6g.0,35925,36056,"Gomez, ein junger Hirt, (Tenor)",5,ich,PPER,ich,7573,"Gomez, ein junger Hirt, (Tenor)",5
tg,kq6g.0,35925,36056,"Gomez, ein junger Hirt, (Tenor)",5,der,ART,der,7573,,
tg,kq6g.0,35925,36056,"Gomez, ein junger Hirt, (Tenor)",5,Kraft,NN,kraft,7573,,
tg,kq6g.0,35925,36056,"Gomez, ein junger Hirt, (Tenor)",5,vertrauen,VVFIN,vertrauen,7573,,
tg,kq6g.0,35925,36056,"Gomez, ein junger Hirt, (Tenor)",5,Und,KON,und,7573,,
tg,kq6g.0,35925,36056,"Gomez, ein junger Hirt, (Tenor)",5,auf,APPR,auf,7573,,
tg,kq6g.0,35925,36056,"Gomez, ein junger Hirt, (Tenor)",5,Gottes,NN,gott,7573,,
tg,kq6g.0,35925,36056,"Gomez, ein junger Hirt, (Tenor)",5,Hilfe,NN,hilfe,7573,,
tg,kq6g.0,35925,36056,"Gomez, ein junger Hirt, (Tenor)",5,bauen,VVINF,bauen,7573,,
tg,kq6g.0,35925,36056,"Gomez, ein junger Hirt, (Tenor)",5,;,$.,--,7573,,
tg,kq6g.0,35925,36056,"Gomez, ein junger Hirt, (Tenor)",5,Durch,APPR,durch,7573,,
tg,kq6g.0,35925,36056,"Gomez, ein junger Hirt, (Tenor)",5,den,ART,der,7573,,
tg,kq6g.0,35925,36056,"Gomez, ein junger Hirt, (Tenor)",5,wilden,ADJA,wild,7573,,
tg,kq6g.0,35925,36056,"Gomez, ein junger Hirt, (Tenor)",5,Felsenforst,NN,felsenforst,7573,,
tg,kq6g.0,35925,36056,"Gomez, ein junger Hirt, (Tenor)",5,Rasch,NE,rasch,7573,,
tg,kq6g.0,35925,36056,"Gomez, ein junger Hirt, (Tenor)",5,empor,NE,empor,7573,,
tg,kq6g.0,35925,36056,"Gomez, ein junger Hirt, (Tenor)",5,zum,APPRART,zu,7573,,
tg,kq6g.0,35925,36056,"Gomez, ein junger Hirt, (Tenor)",5,Adlerhorst,NN,adlerhorst,7573,,
tg,kq6g.0,35925,36056,"Gomez, ein junger Hirt, (Tenor)",5,.,$.,--,7573,,
tg,kq6g.0,36063,36214,OTTO UND CHOR DER JÄGER,9,Mag,VMFIN,mögen,7573,,
tg,kq6g.0,36063,36214,OTTO UND CHOR DER JÄGER,9,dein,PPOSAT,dein,7573,,
tg,kq6g.0,36063,36214,OTTO UND CHOR DER JÄGER,9,Fuß,NN,fuß,7573,,
tg,kq6g.0,36063,36214,OTTO UND CHOR DER JÄGER,9,dich,PRF,dich,7573,,
tg,kq6g.0,36063,36214,OTTO UND CHOR DER JÄGER,9,sicher,ADJD,sicher,7573,,
tg,kq6g.0,36063,36214,OTTO UND CHOR DER JÄGER,9,tragen,VVINF,tragen,7573,,
tg,kq6g.0,36063,36214,OTTO UND CHOR DER JÄGER,9,",","$,",--,7573,,
tg,kq6g.0,36063,36214,OTTO UND CHOR DER JÄGER,9,Denn,KON,denn,7573,,
tg,kq6g.0,36063,36214,OTTO UND CHOR DER JÄGER,9,das,ART,der,7573,,
tg,kq6g.0,36063,36214,OTTO UND CHOR DER JÄGER,9,Höchste,ADJA,hoch,7573,,
tg,kq6g.0,36063,36214,OTTO UND CHOR DER JÄGER,9,mußt,VMFIN,mussen,7573,,
tg,kq6g.0,36063,36214,OTTO UND CHOR DER JÄGER,9,du,PPER,du,7573,,
tg,kq6g.0,36063,36214,OTTO UND CHOR DER JÄGER,9,wagen,VVFIN,wagen,7573,,
tg,kq6g.0,36063,36214,OTTO UND CHOR DER JÄGER,9,;,$.,--,7573,,
tg,kq6g.0,36063,36214,OTTO UND CHOR DER JÄGER,9,Deiner,PPOSAT,deiner,7573,,
tg,kq6g.0,36063,36214,OTTO UND CHOR DER JÄGER,9,Treue,NN,treue,7573,,
tg,kq6g.0,36063,36214,OTTO UND CHOR DER JÄGER,9,schönsten,ADJA,schön,7573,,
tg,kq6g.0,36063,36214,OTTO UND CHOR DER JÄGER,9,Lohn,NN,lohn,7573,,
tg,kq6g.0,36063,36214,OTTO UND CHOR DER JÄGER,9,Findest,NE,findest,7573,,
tg,kq6g.0,36063,36214,OTTO UND CHOR DER JÄGER,9,du,NE,du,7573,,
tg,kq6g.0,36063,36214,OTTO UND CHOR DER JÄGER,9,am,APPRART,an,7573,,
tg,kq6g.0,36063,36214,OTTO UND CHOR DER JÄGER,9,Herrscherthron,NN,herrscherthron,7573,,
tg,kq6g.0,36063,36214,OTTO UND CHOR DER JÄGER,9,.,$.,--,7573,,
tg,kq6g.0,36220,37304,"Gomez, ein junger Hirt, (Tenor)",5,Durch,APPR,durch,7573,,
tg,kq6g.0,36220,37304,"Gomez, ein junger Hirt, (Tenor)",5,die,ART,der,7573,,
tg,kq6g.0,36220,37304,"Gomez, ein junger Hirt, (Tenor)",5,Klüfte,NN,klüfte,7573,,
tg,kq6g.0,36220,37304,"Gomez, ein junger Hirt, (Tenor)",5,will,VMFIN,wollen,7573,,
tg,kq6g.0,36220,37304,"Gomez, ein junger Hirt, (Tenor)",5,ich,PPER,ich,7573,"Gomez, ein junger Hirt, (Tenor)",5
tg,kq6g.0,36220,37304,"Gomez, ein junger Hirt, (Tenor)",5,dringen,VVFIN,dringen,7573,,
tg,kq6g.0,36220,37304,"Gomez, ein junger Hirt, (Tenor)",5,",","$,",--,7573,,
tg,kq6g.0,36220,37304,"Gomez, ein junger Hirt, (Tenor)",5,Dem,ART,der,7573,,
tg,kq6g.0,36220,37304,"Gomez, ein junger Hirt, (Tenor)",5,Verirrten,NN,verirrt,7573,,
tg,kq6g.0,36220,37304,"Gomez, ein junger Hirt, (Tenor)",5,Rettung,NN,rettung,7573,,
tg,kq6g.0,36220,37304,"Gomez, ein junger Hirt, (Tenor)",5,bringen,VVINF,bringen,7573,,
tg,kq6g.0,36220,37304,"Gomez, ein junger Hirt, (Tenor)",5,;,$.,--,7573,,
tg,kq6g.0,36220,37304,"Gomez, ein junger Hirt, (Tenor)",5,Dann,ADV,dann,7573,,
tg,kq6g.0,36220,37304,"Gomez, ein junger Hirt, (Tenor)",5,zu,APPR,zu,7573,,
tg,kq6g.0,36220,37304,"Gomez, ein junger Hirt, (Tenor)",5,des,ART,der,7573,,
tg,kq6g.0,36220,37304,"Gomez, ein junger Hirt, (Tenor)",5,Regenten,NN,regent,7573,,
tg,kq6g.0,36220,37304,"Gomez, ein junger Hirt, (Tenor)",5,Thron,NE,thron,7573,,
tg,kq6g.0,36220,37304,"Gomez, ein junger Hirt, (Tenor)",5,"!",$.,--,7573,,
tg,kq6g.0,36220,37304,"Gomez, ein junger Hirt, (Tenor)",5,Gabriele,NE,gabriele,7573,,
tg,kq6g.0,36220,37304,"Gomez, ein junger Hirt, (Tenor)",5,sei,VAFIN,sein,7573,,
tg,kq6g.0,36220,37304,"Gomez, ein junger Hirt, (Tenor)",5,mein,PPOSAT,mein,7573,"Gomez, ein junger Hirt, (Tenor)",5
tg,kq6g.0,36220,37304,"Gomez, ein junger Hirt, (Tenor)",5,Lohn,NN,lohn,7573,,
tg,kq6g.0,36220,37304,"Gomez, ein junger Hirt, (Tenor)",5,.,$.,--,7573,,
tg,kq6g.0,37528,38470,"Vasco, (Baß)",3,Beschlossen,NN,beschließen,7573,,
tg,kq6g.0,37528,38470,"Vasco, (Baß)",3,ist's,VVFIN,ist's,7573,,
tg,kq6g.0,37528,38470,"Vasco, (Baß)",3,",","$,",--,7573,,
tg,kq6g.0,37528,38470,"Vasco, (Baß)",3,es,PPER,es,7573,,
tg,kq6g.0,37528,38470,"Vasco, (Baß)",3,fall,ADJD,fall,7573,,
tg,kq6g.0,37528,38470,"Vasco, (Baß)",3,',$[,--,7573,,
tg,kq6g.0,37528,38470,"Vasco, (Baß)",3,der,ART,der,7573,,
tg,kq6g.0,37528,38470,"Vasco, (Baß)",3,fremde,ADJA,fremd,7573,,
tg,kq6g.0,37528,38470,"Vasco, (Baß)",3,Jäger,NE,jäger,7573,,
tg,kq6g.0,37528,38470,"Vasco, (Baß)",3,",","$,",--,7573,,
tg,kq6g.0,37528,38470,"Vasco, (Baß)",3,Ein,ART,ein,7573,,
tg,kq6g.0,37528,38470,"Vasco, (Baß)",3,reicher,ADJA,reich,7573,,
tg,kq6g.0,37528,38470,"Vasco, (Baß)",3,Fang,NN,fang,7573,,
tg,kq6g.0,37528,38470,"Vasco, (Baß)",3,belohnt,VVFIN,belohnen,7573,,
tg,kq6g.0,37528,38470,"Vasco, (Baß)",3,die,ART,der,7573,,
tg,kq6g.0,37528,38470,"Vasco, (Baß)",3,schwarze,ADJA,schwarz,7573,,
tg,kq6g.0,37528,38470,"Vasco, (Baß)",3,That,NE,that,7573,,
tg,kq6g.0,37528,38470,"Vasco, (Baß)",3,.,$.,--,7573,,
tg,kq6g.0,37528,38470,"Vasco, (Baß)",3,Des,ART,der,7573,,
tg,kq6g.0,37528,38470,"Vasco, (Baß)",3,Mitleids,NN,mitleid,7573,,
tg,kq6g.0,37528,38470,"Vasco, (Baß)",3,Stimme,NN,stimme,7573,,
tg,kq6g.0,37528,38470,"Vasco, (Baß)",3,sei,VAFIN,sein,7573,,
tg,kq6g.0,37528,38470,"Vasco, (Baß)",3,verbannet,VVPP,verbannen,7573,,
tg,kq6g.0,37528,38470,"Vasco, (Baß)",3,",","$,",--,7573,,
tg,kq6g.0,37528,38470,"Vasco, (Baß)",3,Rache,NN,rache,7573,,
tg,kq6g.0,37528,38470,"Vasco, (Baß)",3,allein,ADV,allein,7573,,
tg,kq6g.0,37528,38470,"Vasco, (Baß)",3,erheischt,VVFIN,erheischen,7573,,
tg,kq6g.0,37528,38470,"Vasco, (Baß)",3,des,ART,der,7573,,
tg,kq6g.0,37528,38470,"Vasco, (Baß)",3,Spaniers,NN,spanier,7573,,
tg,kq6g.0,37528,38470,"Vasco, (Baß)",3,Herz,NN,herz,7573,,
tg,kq6g.0,37528,38470,"Vasco, (Baß)",3,.,$.,--,7573,,
tg,kq6g.0,37528,38470,"Vasco, (Baß)",3,Süße,ADJA,süß,7573,,
tg,kq6g.0,37528,38470,"Vasco, (Baß)",3,Rache,NN,rache,7573,,
tg,kq6g.0,37528,38470,"Vasco, (Baß)",3,",","$,",--,7573,,
tg,kq6g.0,37528,38470,"Vasco, (Baß)",3,Lohn,NN,lohn,7573,,
tg,kq6g.0,37528,38470,"Vasco, (Baß)",3,verschmähter,ADJA,verschmäht,7573,,
tg,kq6g.0,37528,38470,"Vasco, (Baß)",3,Liebe,NN,liebe,7573,,
tg,kq6g.0,37528,38470,"Vasco, (Baß)",3,",","$,",--,7573,,
tg,kq6g.0,37528,38470,"Vasco, (Baß)",3,Dir,NE,dir,7573,,
tg,kq6g.0,37528,38470,"Vasco, (Baß)",3,allein,ADV,allein,7573,,
tg,kq6g.0,37528,38470,"Vasco, (Baß)",3,erschließ,VVFIN,erschlassen,7573,,
tg,kq6g.0,37528,38470,"Vasco, (Baß)",3,',$[,--,7573,,
tg,kq6g.0,37528,38470,"Vasco, (Baß)",3,ich,PPER,ich,7573,"Vasco, (Baß)",3
tg,kq6g.0,37528,38470,"Vasco, (Baß)",3,meine,PPOSAT,mein,7573,"Vasco, (Baß)",3
tg,kq6g.0,37528,38470,"Vasco, (Baß)",3,bange,ADJA,bange,7573,,
tg,kq6g.0,37528,38470,"Vasco, (Baß)",3,Brust,NN,brust,7573,,
tg,kq6g.0,37528,38470,"Vasco, (Baß)",3,.,$.,--,7573,,
tg,kq6g.0,37528,38470,"Vasco, (Baß)",3,Dir,NE,dir,7573,,
tg,kq6g.0,37528,38470,"Vasco, (Baß)",3,allein,ADV,allein,7573,,
tg,kq6g.0,37528,38470,"Vasco, (Baß)",3,gehören,VVFIN,gehören,7573,,
tg,kq6g.0,37528,38470,"Vasco, (Baß)",3,meine,PPOSAT,mein,7573,"Vasco, (Baß)",3
tg,kq6g.0,37528,38470,"Vasco, (Baß)",3,Triebe,NN,trieb,7573,,
tg,kq6g.0,37528,38470,"Vasco, (Baß)",3,",","$,",--,7573,,
tg,kq6g.0,37528,38470,"Vasco, (Baß)",3,Du,PPER,du,7573,,
tg,kq6g.0,37528,38470,"Vasco, (Baß)",3,füllst,VVFIN,füllen,7573,,
tg,kq6g.0,37528,38470,"Vasco, (Baß)",3,mein,PPOSAT,mein,7573,"Vasco, (Baß)",3
tg,kq6g.0,37528,38470,"Vasco, (Baß)",3,Herz,NN,herz,7573,,
tg,kq6g.0,37528,38470,"Vasco, (Baß)",3,mit,APPR,mit,7573,,
tg,kq6g.0,37528,38470,"Vasco, (Baß)",3,hoher,ADJA,hoch,7573,,
tg,kq6g.0,37528,38470,"Vasco, (Baß)",3,Götterlust,NN,götterlust,7573,,
tg,kq6g.0,37528,38470,"Vasco, (Baß)",3,"!",$.,--,7573,,
tg,kq6g.0,37528,38470,"Vasco, (Baß)",3,Verstumm,NE,verstumm,7573,,
tg,kq6g.0,37528,38470,"Vasco, (Baß)",3,',$[,--,7573,,
tg,kq6g.0,37528,38470,"Vasco, (Baß)",3,auf,APPR,auf,7573,,
tg,kq6g.0,37528,38470,"Vasco, (Baß)",3,ewig,ADJD,ewig,7573,,
tg,kq6g.0,37528,38470,"Vasco, (Baß)",3,",","$,",--,7573,,
tg,kq6g.0,37528,38470,"Vasco, (Baß)",3,weib'sches,ADJA,weib'sch,7573,,
tg,kq6g.0,37528,38470,"Vasco, (Baß)",3,Zagen,NN,zagen,7573,,
tg,kq6g.0,37528,38470,"Vasco, (Baß)",3,",","$,",--,7573,,
tg,kq6g.0,37528,38470,"Vasco, (Baß)",3,Nimmer,NE,nimmer,7573,,
tg,kq6g.0,37528,38470,"Vasco, (Baß)",3,umstrickst,VVFIN,umstricken,7573,,
tg,kq6g.0,37528,38470,"Vasco, (Baß)",3,du,PPER,du,7573,,
tg,kq6g.0,37528,38470,"Vasco, (Baß)",3,meinen,PPOSAT,mein,7573,"Vasco, (Baß)",3
tg,kq6g.0,37528,38470,"Vasco, (Baß)",3,Blick,NN,blick,7573,,
tg,kq6g.0,37528,38470,"Vasco, (Baß)",3,.,$.,--,7573,,
tg,kq6g.0,37528,38470,"Vasco, (Baß)",3,–,XY,–,7573,,
tg,kq6g.0,37528,38470,"Vasco, (Baß)",3,Mich,PPER,mich,7573,,
tg,kq6g.0,37528,38470,"Vasco, (Baß)",3,rührt,VVFIN,rühren,7573,,
tg,kq6g.0,37528,38470,"Vasco, (Baß)",3,nicht,PTKNEG,nicht,7573,,
tg,kq6g.0,37528,38470,"Vasco, (Baß)",3,sein,PPOSAT,sein,7573,,
tg,kq6g.0,37528,38470,"Vasco, (Baß)",3,Flehn,NN,flehn,7573,,
tg,kq6g.0,37528,38470,"Vasco, (Baß)",3,und,KON,und,7573,,
tg,kq6g.0,37528,38470,"Vasco, (Baß)",3,Klagen,NN,klage,7573,,
tg,kq6g.0,37528,38470,"Vasco, (Baß)",3,",","$,",--,7573,,
tg,kq6g.0,37528,38470,"Vasco, (Baß)",3,Aus,APPR,aus,7573,,
tg,kq6g.0,37528,38470,"Vasco, (Baß)",3,seinem,PPOSAT,sein,7573,,
tg,kq6g.0,37528,38470,"Vasco, (Baß)",3,Tode,NN,tod,7573,,
tg,kq6g.0,37528,38470,"Vasco, (Baß)",3,erblühet,VVFIN,erblühet,7573,,
tg,kq6g.0,37528,38470,"Vasco, (Baß)",3,mein,PPOSAT,mein,7573,"Vasco, (Baß)",3
tg,kq6g.0,37528,38470,"Vasco, (Baß)",3,Glück,NN,glück,7573,,
tg,kq6g.0,37528,38470,"Vasco, (Baß)",3,"!",$.,--,7573,,
tg,kq6g.0,37528,38470,"Vasco, (Baß)",3,Ja,PTKANT,ja,7573,,
tg,kq6g.0,37528,38470,"Vasco, (Baß)",3,",","$,",--,7573,,
tg,kq6g.0,37528,38470,"Vasco, (Baß)",3,er,PPER,er,7573,,
tg,kq6g.0,37528,38470,"Vasco, (Baß)",3,muß,VMFIN,müssen,7573,,
tg,kq6g.0,37528,38470,"Vasco, (Baß)",3,als,APPR,als,7573,,
tg,kq6g.0,37528,38470,"Vasco, (Baß)",3,Opfer,NN,opfer,7573,,
tg,kq6g.0,37528,38470,"Vasco, (Baß)",3,fallen,VVINF,fallen,7573,,
tg,kq6g.0,37528,38470,"Vasco, (Baß)",3,",","$,",--,7573,,
tg,kq6g.0,37528,38470,"Vasco, (Baß)",3,Von,APPR,von,7573,,
tg,kq6g.0,37528,38470,"Vasco, (Baß)",3,ihm,PPER,ihm,7573,,
tg,kq6g.0,37528,38470,"Vasco, (Baß)",3,ward,VVFIN,werden,7573,,
tg,kq6g.0,37528,38470,"Vasco, (Baß)",3,mir,PPER,sich,7573,"Vasco, (Baß)",3
tg,kq6g.0,37528,38470,"Vasco, (Baß)",3,Schmach,NN,schmach,7573,,
tg,kq6g.0,37528,38470,"Vasco, (Baß)",3,und,KON,und,7573,,
tg,kq6g.0,37528,38470,"Vasco, (Baß)",3,Hohn,NE,hohn,7573,,
tg,kq6g.0,37528,38470,"Vasco, (Baß)",3,",","$,",--,7573,,
tg,kq6g.0,37528,38470,"Vasco, (Baß)",3,Doch,KON,doch,7573,,
tg,kq6g.0,37528,38470,"Vasco, (Baß)",3,des,ART,der,7573,,
tg,kq6g.0,37528,38470,"Vasco, (Baß)",3,Todes,NN,tod,7573,,
tg,kq6g.0,37528,38470,"Vasco, (Baß)",3,dunkle,ADJA,dunkel,7573,,
tg,kq6g.0,37528,38470,"Vasco, (Baß)",3,Hallen,NN,halle,7573,,
tg,kq6g.0,37528,38470,"Vasco, (Baß)",3,Bringen,NE,bringen,7573,,
tg,kq6g.0,37528,38470,"Vasco, (Baß)",3,ihm,PPER,ihm,7573,,
tg,kq6g.0,37528,38470,"Vasco, (Baß)",3,verdienten,VVFIN,verdient,7573,,
tg,kq6g.0,37528,38470,"Vasco, (Baß)",3,Lohn,NN,lohn,7573,,
tg,kq6g.0,37528,38470,"Vasco, (Baß)",3,.,$.,--,7573,,
tg,kq6g.0,37528,38470,"Vasco, (Baß)",3,Gewissensskrupel,NE,gewissensskrupel,7573,,
tg,kq6g.0,37528,38470,"Vasco, (Baß)",3,",","$,",--,7573,,
tg,kq6g.0,37528,38470,"Vasco, (Baß)",3,ihr,PPOSAT,ihr,7573,,
tg,kq6g.0,37528,38470,"Vasco, (Baß)",3,mögt,ADJD,mögen,7573,,
tg,kq6g.0,37528,38470,"Vasco, (Baß)",3,ruhn,ADJD,ruhn,7573,,
tg,kq6g.0,37528,38470,"Vasco, (Baß)",3,"!",$.,--,7573,,
tg,kq6g.0,37528,38470,"Vasco, (Baß)",3,Ein,ART,ein,7573,,
tg,kq6g.0,37528,38470,"Vasco, (Baß)",3,Ketzer,NN,ketzer,7573,,
tg,kq6g.0,37528,38470,"Vasco, (Baß)",3,ist's,VVFIN,ist's,7573,,
tg,kq6g.0,37528,38470,"Vasco, (Baß)",3,",","$,",--,7573,,
tg,kq6g.0,37528,38470,"Vasco, (Baß)",3,Gott,NN,gott,7573,,
tg,kq6g.0,37528,38470,"Vasco, (Baß)",3,lohnt,VVFIN,lohnen,7573,,
tg,kq6g.0,37528,38470,"Vasco, (Baß)",3,mein,PPOSAT,mein,7573,"Vasco, (Baß)",3
tg,kq6g.0,37528,38470,"Vasco, (Baß)",3,Thun,NN,thun,7573,,
tg,kq6g.0,37528,38470,"Vasco, (Baß)",3,"!",$.,--,7573,,
tg,kq6g.0,37528,38470,"Vasco, (Baß)",3,Ich,PPER,ich,7573,,
tg,kq6g.0,37528,38470,"Vasco, (Baß)",3,halt,ADV,halt,7573,,
tg,kq6g.0,37528,38470,"Vasco, (Baß)",3,',$[,--,7573,,
tg,kq6g.0,37528,38470,"Vasco, (Baß)",3,mein,PPOSAT,mein,7573,"Vasco, (Baß)",3
tg,kq6g.0,37528,38470,"Vasco, (Baß)",3,Wort,NN,wort,7573,,
tg,kq6g.0,37528,38470,"Vasco, (Baß)",3,und,KON,und,7573,,
tg,kq6g.0,37528,38470,"Vasco, (Baß)",3,wanke,VVFIN,wanken,7573,,
tg,kq6g.0,37528,38470,"Vasco, (Baß)",3,nicht,PTKNEG,nicht,7573,,
tg,kq6g.0,37528,38470,"Vasco, (Baß)",3,"!",$.,--,7573,,
tg,kq6g.0,37528,38470,"Vasco, (Baß)",3,Reich,NE,reich,7573,,
tg,kq6g.0,37528,38470,"Vasco, (Baß)",3,ist,VAFIN,sein,7573,,
tg,kq6g.0,37528,38470,"Vasco, (Baß)",3,der,ART,der,7573,,
tg,kq6g.0,37528,38470,"Vasco, (Baß)",3,Fang,NN,fang,7573,,
tg,kq6g.0,37528,38470,"Vasco, (Baß)",3,"!",$.,--,7573,,
tg,kq6g.0,37528,38470,"Vasco, (Baß)",3,Ihm,PPER,ihm,7573,,
tg,kq6g.0,37528,38470,"Vasco, (Baß)",3,tagt,VVFIN,tagen,7573,,
tg,kq6g.0,37528,38470,"Vasco, (Baß)",3,kein,PIAT,kein,7573,,
tg,kq6g.0,37528,38470,"Vasco, (Baß)",3,Morgenlicht,NN,morgenlicht,7573,,
tg,kq6g.0,37528,38470,"Vasco, (Baß)",3,"!",$.,--,7573,,
tg,kq6g.0,37528,38470,"Vasco, (Baß)",3,Gewissensskrupel,NE,gewissensskrupel,7573,,
tg,kq6g.0,37528,38470,"Vasco, (Baß)",3,",","$,",--,7573,,
tg,kq6g.0,37528,38470,"Vasco, (Baß)",3,ihr,PPOSAT,ihr,7573,,
tg,kq6g.0,37528,38470,"Vasco, (Baß)",3,mögt,ADJD,mögen,7573,,
tg,kq6g.0,37528,38470,"Vasco, (Baß)",3,ruhn,ADJD,ruhn,7573,,
tg,kq6g.0,37528,38470,"Vasco, (Baß)",3,"!",$.,--,7573,,
tg,kq6g.0,37528,38470,"Vasco, (Baß)",3,Ein,ART,ein,7573,,
tg,kq6g.0,37528,38470,"Vasco, (Baß)",3,Ketzer,NN,ketzer,7573,,
tg,kq6g.0,37528,38470,"Vasco, (Baß)",3,ist's,VVFIN,ist's,7573,,
tg,kq6g.0,37528,38470,"Vasco, (Baß)",3,",","$,",--,7573,,
tg,kq6g.0,37528,38470,"Vasco, (Baß)",3,Gott,NN,gott,7573,,
tg,kq6g.0,37528,38470,"Vasco, (Baß)",3,lohnt,VVFIN,lohnen,7573,,
tg,kq6g.0,37528,38470,"Vasco, (Baß)",3,mein,PPOSAT,mein,7573,"Vasco, (Baß)",3
tg,kq6g.0,37528,38470,"Vasco, (Baß)",3,Thun,NN,thun,7573,,
tg,kq6g.0,37528,38470,"Vasco, (Baß)",3,"!",$.,--,7573,,
tg,kq6g.0,38542,38850,"Gabriele, seine Nichte, (Sopran)",2,Vasco,NE,vasco,7573,,
tg,kq6g.0,38542,38850,"Gabriele, seine Nichte, (Sopran)",2,hier,ADV,hier,7573,,
tg,kq6g.0,38542,38850,"Gabriele, seine Nichte, (Sopran)",2,?,$.,--,7573,,
tg,kq6g.0,38542,38850,"Gabriele, seine Nichte, (Sopran)",2,Ich,PPER,ich,7573,,
tg,kq6g.0,38542,38850,"Gabriele, seine Nichte, (Sopran)",2,täusch,VVFIN,täusch,7573,,
tg,kq6g.0,38542,38850,"Gabriele, seine Nichte, (Sopran)",2,',$[,--,7573,,
tg,kq6g.0,38542,38850,"Gabriele, seine Nichte, (Sopran)",2,mich,PPER,mich,7573,"Gabriele, seine Nichte, (Sopran)",2
tg,kq6g.0,38542,38850,"Gabriele, seine Nichte, (Sopran)",2,nicht,PTKNEG,nicht,7573,,
tg,kq6g.0,38542,38850,"Gabriele, seine Nichte, (Sopran)",2,"!",$.,--,7573,,
tg,kq6g.0,38542,38850,"Gabriele, seine Nichte, (Sopran)",2,O,NE,O,7573,,
tg,kq6g.0,38542,38850,"Gabriele, seine Nichte, (Sopran)",2,Gott,NN,gott,7573,,
tg,kq6g.0,38542,38850,"Gabriele, seine Nichte, (Sopran)",2,",","$,",--,7573,,
tg,kq6g.0,38542,38850,"Gabriele, seine Nichte, (Sopran)",2,erhör,FM,erhör,7573,,
tg,kq6g.0,38542,38850,"Gabriele, seine Nichte, (Sopran)",2,',$[,--,7573,,
tg,kq6g.0,38542,38850,"Gabriele, seine Nichte, (Sopran)",2,mein,PPOSAT,mein,7573,"Gabriele, seine Nichte, (Sopran)",2
tg,kq6g.0,38542,38850,"Gabriele, seine Nichte, (Sopran)",2,heißes,ADJA,heiß,7573,,
tg,kq6g.0,38542,38850,"Gabriele, seine Nichte, (Sopran)",2,Flehen,NN,flehen,7573,,
tg,kq6g.0,38542,38850,"Gabriele, seine Nichte, (Sopran)",2,",","$,",--,7573,,
tg,kq6g.0,38542,38850,"Gabriele, seine Nichte, (Sopran)",2,Gieb,NN,gieb,7573,,
tg,kq6g.0,38542,38850,"Gabriele, seine Nichte, (Sopran)",2,meinen,VVFIN,mein,7573,,
tg,kq6g.0,38542,38850,"Gabriele, seine Nichte, (Sopran)",2,Worten,NN,wort,7573,,
tg,kq6g.0,38542,38850,"Gabriele, seine Nichte, (Sopran)",2,siegende,ADJA,siegend,7573,,
tg,kq6g.0,38542,38850,"Gabriele, seine Nichte, (Sopran)",2,Kraft,NN,kraft,7573,,
tg,kq6g.0,38542,38850,"Gabriele, seine Nichte, (Sopran)",2,",","$,",--,7573,,
tg,kq6g.0,38542,38850,"Gabriele, seine Nichte, (Sopran)",2,Sein,PPOSAT,sein,7573,,
tg,kq6g.0,38542,38850,"Gabriele, seine Nichte, (Sopran)",2,hartes,ADJA,hart,7573,,
tg,kq6g.0,38542,38850,"Gabriele, seine Nichte, (Sopran)",2,Herz,NN,herz,7573,,
tg,kq6g.0,38542,38850,"Gabriele, seine Nichte, (Sopran)",2,zu,APPR,zu,7573,,
tg,kq6g.0,38542,38850,"Gabriele, seine Nichte, (Sopran)",2,rühren,ADJA,rühren,7573,,
tg,kq6g.0,38542,38850,"Gabriele, seine Nichte, (Sopran)",2,"!",$.,--,7573,,
tg,kq6g.0,38542,38850,"Gabriele, seine Nichte, (Sopran)",2,Seinen,PPOSAT,sein,7573,,
tg,kq6g.0,38542,38850,"Gabriele, seine Nichte, (Sopran)",2,Vorsatz,NN,vorsatz,7573,,
tg,kq6g.0,38542,38850,"Gabriele, seine Nichte, (Sopran)",2,zu,PTKZU,zu,7573,,
tg,kq6g.0,38542,38850,"Gabriele, seine Nichte, (Sopran)",2,bekämpfen,VVINF,bekämpfen,7573,,
tg,kq6g.0,38542,38850,"Gabriele, seine Nichte, (Sopran)",2,",","$,",--,7573,,
tg,kq6g.0,38542,38850,"Gabriele, seine Nichte, (Sopran)",2,Sei,VAIMP,sei,7573,,
tg,kq6g.0,38542,38850,"Gabriele, seine Nichte, (Sopran)",2,jetzt,ADV,jetzt,7573,,
tg,kq6g.0,38542,38850,"Gabriele, seine Nichte, (Sopran)",2,mein,PPOSAT,mein,7573,"Gabriele, seine Nichte, (Sopran)",2
tg,kq6g.0,38542,38850,"Gabriele, seine Nichte, (Sopran)",2,höchstes,ADJA,hoch,7573,,
tg,kq6g.0,38542,38850,"Gabriele, seine Nichte, (Sopran)",2,Ziel,NN,ziel,7573,,
tg,kq6g.0,38542,38850,"Gabriele, seine Nichte, (Sopran)",2,"!",$.,--,7573,,
tg,kq6g.0,38542,38850,"Gabriele, seine Nichte, (Sopran)",2,Gott,NN,gott,7573,,
tg,kq6g.0,38542,38850,"Gabriele, seine Nichte, (Sopran)",2,",","$,",--,7573,,
tg,kq6g.0,38542,38850,"Gabriele, seine Nichte, (Sopran)",2,erhöre,VVFIN,erhören,7573,,
tg,kq6g.0,38542,38850,"Gabriele, seine Nichte, (Sopran)",2,jetzt,ADV,jetzt,7573,,
tg,kq6g.0,38542,38850,"Gabriele, seine Nichte, (Sopran)",2,mein,PPOSAT,mein,7573,"Gabriele, seine Nichte, (Sopran)",2
tg,kq6g.0,38542,38850,"Gabriele, seine Nichte, (Sopran)",2,heißes,ADJA,heiß,7573,,
tg,kq6g.0,38542,38850,"Gabriele, seine Nichte, (Sopran)",2,Flehn,NN,flehn,7573,,
tg,kq6g.0,38542,38850,"Gabriele, seine Nichte, (Sopran)",2,"!",$.,--,7573,,
tg,kq6g.0,38542,38850,"Gabriele, seine Nichte, (Sopran)",2,Vasco,NE,vasco,7573,,
tg,kq6g.0,38542,38850,"Gabriele, seine Nichte, (Sopran)",2,"!",$.,--,7573,,
tg,kq6g.0,38542,38850,"Gabriele, seine Nichte, (Sopran)",2,Gönne,NE,gönne,7573,,
tg,kq6g.0,38542,38850,"Gabriele, seine Nichte, (Sopran)",2,mir,PPER,sich,7573,"Gabriele, seine Nichte, (Sopran)",2
tg,kq6g.0,38542,38850,"Gabriele, seine Nichte, (Sopran)",2,ein,ART,ein,7573,,
tg,kq6g.0,38542,38850,"Gabriele, seine Nichte, (Sopran)",2,Wort,NN,wort,7573,,
tg,kq6g.0,38542,38850,"Gabriele, seine Nichte, (Sopran)",2,"!",$.,--,7573,,
tg,kq6g.0,38855,39039,"Vasco, (Baß)",3,Was,PWS,was,7573,,
tg,kq6g.0,38855,39039,"Vasco, (Baß)",3,führt,VVFIN,führen,7573,,
tg,kq6g.0,38855,39039,"Vasco, (Baß)",3,dich,PPER,dich,7573,,
tg,kq6g.0,38855,39039,"Vasco, (Baß)",3,her,PTKVZ,her,7573,,
tg,kq6g.0,38855,39039,"Vasco, (Baß)",3,an,APPR,an,7573,,
tg,kq6g.0,38855,39039,"Vasco, (Baß)",3,diesen,PDAT,dieser,7573,,
tg,kq6g.0,38855,39039,"Vasco, (Baß)",3,Ort,NN,ort,7573,,
tg,kq6g.0,38855,39039,"Vasco, (Baß)",3,?,$.,--,7573,,
tg,kq6g.0,38855,39039,"Vasco, (Baß)",3,Darf,VMFIN,dürfen,7573,,
tg,kq6g.0,38855,39039,"Vasco, (Baß)",3,ich,PPER,ich,7573,"Vasco, (Baß)",3
tg,kq6g.0,38855,39039,"Vasco, (Baß)",3,vielleicht,ADV,vielleicht,7573,,
tg,kq6g.0,38855,39039,"Vasco, (Baß)",3,dem,ART,der,7573,,
tg,kq6g.0,38855,39039,"Vasco, (Baß)",3,Wahne,NN,wahne,7573,,
tg,kq6g.0,38855,39039,"Vasco, (Baß)",3,leben,VVFIN,leben,7573,,
tg,kq6g.0,38855,39039,"Vasco, (Baß)",3,",","$,",--,7573,,
tg,kq6g.0,38855,39039,"Vasco, (Baß)",3,Sucht,NN,suchen,7573,,
tg,kq6g.0,38855,39039,"Vasco, (Baß)",3,Gabriele,NE,gabriele,7573,,
tg,kq6g.0,38855,39039,"Vasco, (Baß)",3,mich,PRF,mich,7573,"Vasco, (Baß)",3
tg,kq6g.0,38855,39039,"Vasco, (Baß)",3,wohl,ADV,wohl,7573,,
tg,kq6g.0,38855,39039,"Vasco, (Baß)",3,hier,ADV,hier,7573,,
tg,kq6g.0,38855,39039,"Vasco, (Baß)",3,?,$.,--,7573,,
tg,kq6g.0,38855,39039,"Vasco, (Baß)",3,O,NE,O,7573,,
tg,kq6g.0,38855,39039,"Vasco, (Baß)",3,sprich,VVIMP,sprich,7573,,
tg,kq6g.0,38855,39039,"Vasco, (Baß)",3,",","$,",--,7573,,
tg,kq6g.0,38855,39039,"Vasco, (Baß)",3,willst,VMFIN,wollen,7573,,
tg,kq6g.0,38855,39039,"Vasco, (Baß)",3,du,PPER,du,7573,,
tg,kq6g.0,38855,39039,"Vasco, (Baß)",3,mir,PPER,sich,7573,"Vasco, (Baß)",3
tg,kq6g.0,38855,39039,"Vasco, (Baß)",3,Hoffnung,NN,hoffnung,7573,,
tg,kq6g.0,38855,39039,"Vasco, (Baß)",3,geben,VVINF,geben,7573,,
tg,kq6g.0,38855,39039,"Vasco, (Baß)",3,?,$.,--,7573,,
tg,kq6g.0,38855,39039,"Vasco, (Baß)",3,Lacht,NN,lacht,7573,,
tg,kq6g.0,38855,39039,"Vasco, (Baß)",3,endlich,ADV,endlich,7573,,
tg,kq6g.0,38855,39039,"Vasco, (Baß)",3,deine,PPOSAT,dein,7573,,
tg,kq6g.0,38855,39039,"Vasco, (Baß)",3,Liebe,NN,liebe,7573,,
tg,kq6g.0,38855,39039,"Vasco, (Baß)",3,mir,PPER,sich,7573,"Vasco, (Baß)",3
tg,kq6g.0,38855,39039,"Vasco, (Baß)",3,?,$.,--,7573,,
tg,kq6g.0,39045,39202,"Gabriele, seine Nichte, (Sopran)",2,Was,PWS,was,7573,,
tg,kq6g.0,39045,39202,"Gabriele, seine Nichte, (Sopran)",2,soll,VMFIN,sollen,7573,,
tg,kq6g.0,39045,39202,"Gabriele, seine Nichte, (Sopran)",2,noch,ADV,noch,7573,,
tg,kq6g.0,39045,39202,"Gabriele, seine Nichte, (Sopran)",2,immer,ADV,immer,7573,,
tg,kq6g.0,39045,39202,"Gabriele, seine Nichte, (Sopran)",2,diese,PDAT,dieser,7573,,
tg,kq6g.0,39045,39202,"Gabriele, seine Nichte, (Sopran)",2,Sprache,NN,sprache,7573,,
tg,kq6g.0,39045,39202,"Gabriele, seine Nichte, (Sopran)",2,?,$.,--,7573,,
tg,kq6g.0,39045,39202,"Gabriele, seine Nichte, (Sopran)",2,Ihr,PPOSAT,ihr,7573,,
tg,kq6g.0,39045,39202,"Gabriele, seine Nichte, (Sopran)",2,wißt,VVFIN,wissen,7573,,
tg,kq6g.0,39045,39202,"Gabriele, seine Nichte, (Sopran)",2,ja,ADV,ja,7573,,
tg,kq6g.0,39045,39202,"Gabriele, seine Nichte, (Sopran)",2,",","$,",--,7573,,
tg,kq6g.0,39045,39202,"Gabriele, seine Nichte, (Sopran)",2,wem,ADJA,wem,7573,,
tg,kq6g.0,39045,39202,"Gabriele, seine Nichte, (Sopran)",2,dieses,PDAT,dieser,7573,,
tg,kq6g.0,39045,39202,"Gabriele, seine Nichte, (Sopran)",2,Herz,NN,herz,7573,,
tg,kq6g.0,39045,39202,"Gabriele, seine Nichte, (Sopran)",2,gehört,VVFIN,gehören,7573,,
tg,kq6g.0,39045,39202,"Gabriele, seine Nichte, (Sopran)",2,.,$.,--,7573,,
tg,kq6g.0,39045,39202,"Gabriele, seine Nichte, (Sopran)",2,Nein,PTKANT,nein,7573,,
tg,kq6g.0,39045,39202,"Gabriele, seine Nichte, (Sopran)",2,",","$,",--,7573,,
tg,kq6g.0,39045,39202,"Gabriele, seine Nichte, (Sopran)",2,zu,ADV,zu,7573,,
tg,kq6g.0,39045,39202,"Gabriele, seine Nichte, (Sopran)",2,vernichten,VVFIN,vernichten,7573,,
tg,kq6g.0,39045,39202,"Gabriele, seine Nichte, (Sopran)",2,Eure,NN,euer,7573,,
tg,kq6g.0,39045,39202,"Gabriele, seine Nichte, (Sopran)",2,Rache,NN,rache,7573,,
tg,kq6g.0,39045,39202,"Gabriele, seine Nichte, (Sopran)",2,",","$,",--,7573,,
tg,kq6g.0,39045,39202,"Gabriele, seine Nichte, (Sopran)",2,Ist,VAFIN,sein,7573,,
tg,kq6g.0,39045,39202,"Gabriele, seine Nichte, (Sopran)",2,",","$,",--,7573,,
tg,kq6g.0,39045,39202,"Gabriele, seine Nichte, (Sopran)",2,was,PWS,was,7573,,
tg,kq6g.0,39045,39202,"Gabriele, seine Nichte, (Sopran)",2,die,ART,der,7573,,
tg,kq6g.0,39045,39202,"Gabriele, seine Nichte, (Sopran)",2,Menschlichkeit,NN,menschlichkeit,7573,,
tg,kq6g.0,39045,39202,"Gabriele, seine Nichte, (Sopran)",2,mich,PPER,mich,7573,"Gabriele, seine Nichte, (Sopran)",2
tg,kq6g.0,39045,39202,"Gabriele, seine Nichte, (Sopran)",2,lehrt,VVFIN,lehren,7573,,
tg,kq6g.0,39045,39202,"Gabriele, seine Nichte, (Sopran)",2,.,$.,--,7573,,
tg,kq6g.0,39208,39364,"Vasco, (Baß)",3,Sprichst,ADV,sprichst,7573,,
tg,kq6g.0,39208,39364,"Vasco, (Baß)",3,du,PPER,du,7573,,
tg,kq6g.0,39208,39364,"Vasco, (Baß)",3,von,APPR,von,7573,,
tg,kq6g.0,39208,39364,"Vasco, (Baß)",3,jenem,PDAT,jener,7573,,
tg,kq6g.0,39208,39364,"Vasco, (Baß)",3,blonden,ADJA,blond,7573,,
tg,kq6g.0,39208,39364,"Vasco, (Baß)",3,Schützen,NN,schütze,7573,,
tg,kq6g.0,39208,39364,"Vasco, (Baß)",3,?,$.,--,7573,,
tg,kq6g.0,39208,39364,"Vasco, (Baß)",3,Ein,ART,ein,7573,,
tg,kq6g.0,39208,39364,"Vasco, (Baß)",3,Ketzer,NN,ketzer,7573,,
tg,kq6g.0,39208,39364,"Vasco, (Baß)",3,ist's,VVFIN,ist's,7573,,
tg,kq6g.0,39208,39364,"Vasco, (Baß)",3,",","$,",--,7573,,
tg,kq6g.0,39208,39364,"Vasco, (Baß)",3,kein,PIAT,kein,7573,,
tg,kq6g.0,39208,39364,"Vasco, (Baß)",3,guter,ADJA,gut,7573,,
tg,kq6g.0,39208,39364,"Vasco, (Baß)",3,Christ,NE,christ,7573,,
tg,kq6g.0,39208,39364,"Vasco, (Baß)",3,"!",$.,--,7573,,
tg,kq6g.0,39208,39364,"Vasco, (Baß)",3,Was,PWS,was,7573,,
tg,kq6g.0,39208,39364,"Vasco, (Baß)",3,kann,VMFIN,können,7573,,
tg,kq6g.0,39208,39364,"Vasco, (Baß)",3,dir,PPER,dir,7573,,
tg,kq6g.0,39208,39364,"Vasco, (Baß)",3,auch,ADV,auch,7573,,
tg,kq6g.0,39208,39364,"Vasco, (Baß)",3,sein,PPOSAT,sein,7573,,
tg,kq6g.0,39208,39364,"Vasco, (Baß)",3,Leben,NN,leben,7573,,
tg,kq6g.0,39208,39364,"Vasco, (Baß)",3,nützen,VVFIN,nützen,7573,,
tg,kq6g.0,39208,39364,"Vasco, (Baß)",3,",","$,",--,7573,,
tg,kq6g.0,39208,39364,"Vasco, (Baß)",3,Da,KOUS,da,7573,,
tg,kq6g.0,39208,39364,"Vasco, (Baß)",3,du,PPER,du,7573,,
tg,kq6g.0,39208,39364,"Vasco, (Baß)",3,des,ART,der,7573,,
tg,kq6g.0,39208,39364,"Vasco, (Baß)",3,Gomez,NN,gomez,7573,,
tg,kq6g.0,39208,39364,"Vasco, (Baß)",3,Bräutchen,VVINF,bräutchen,7573,,
tg,kq6g.0,39208,39364,"Vasco, (Baß)",3,bist,VAFIN,sein,7573,,
tg,kq6g.0,39208,39364,"Vasco, (Baß)",3,.,$.,--,7573,,
tg,kq6g.0,39371,39456,"Gabriele, seine Nichte, (Sopran)",2,Gott,NN,gott,7573,,
tg,kq6g.0,39371,39456,"Gabriele, seine Nichte, (Sopran)",2,",","$,",--,7573,,
tg,kq6g.0,39371,39456,"Gabriele, seine Nichte, (Sopran)",2,erhör,FM,erhör,7573,,
tg,kq6g.0,39371,39456,"Gabriele, seine Nichte, (Sopran)",2,',$[,--,7573,,
tg,kq6g.0,39371,39456,"Gabriele, seine Nichte, (Sopran)",2,",","$,",--,7573,,
tg,kq6g.0,39371,39456,"Gabriele, seine Nichte, (Sopran)",2,erhör,FM,erhör,7573,,
tg,kq6g.0,39371,39456,"Gabriele, seine Nichte, (Sopran)",2,',$[,--,7573,,
tg,kq6g.0,39371,39456,"Gabriele, seine Nichte, (Sopran)",2,mein,PPOSAT,mein,7573,"Gabriele, seine Nichte, (Sopran)",2
tg,kq6g.0,39371,39456,"Gabriele, seine Nichte, (Sopran)",2,Flehn,NN,flehn,7573,,
tg,kq6g.0,39371,39456,"Gabriele, seine Nichte, (Sopran)",2,",","$,",--,7573,,
tg,kq6g.0,39371,39456,"Gabriele, seine Nichte, (Sopran)",2,Gott,NN,gott,7573,,
tg,kq6g.0,39371,39456,"Gabriele, seine Nichte, (Sopran)",2,",","$,",--,7573,,
tg,kq6g.0,39371,39456,"Gabriele, seine Nichte, (Sopran)",2,gieb,VVFIN,geiben,7573,,
tg,kq6g.0,39371,39456,"Gabriele, seine Nichte, (Sopran)",2,meinen,PPOSAT,mein,7573,"Gabriele, seine Nichte, (Sopran)",2
tg,kq6g.0,39371,39456,"Gabriele, seine Nichte, (Sopran)",2,Worten,NN,wort,7573,,
tg,kq6g.0,39371,39456,"Gabriele, seine Nichte, (Sopran)",2,siegende,ADJA,siegend,7573,,
tg,kq6g.0,39371,39456,"Gabriele, seine Nichte, (Sopran)",2,Kraft,NN,kraft,7573,,
tg,kq6g.0,39371,39456,"Gabriele, seine Nichte, (Sopran)",2,"!",$.,--,7573,,
tg,kq6g.0,39462,39547,"Vasco, (Baß)",3,Sprichst,ADV,sprichst,7573,,
tg,kq6g.0,39462,39547,"Vasco, (Baß)",3,du,PPER,du,7573,,
tg,kq6g.0,39462,39547,"Vasco, (Baß)",3,von,APPR,von,7573,,
tg,kq6g.0,39462,39547,"Vasco, (Baß)",3,jenem,PDAT,jener,7573,,
tg,kq6g.0,39462,39547,"Vasco, (Baß)",3,blonden,ADJA,blond,7573,,
tg,kq6g.0,39462,39547,"Vasco, (Baß)",3,Schützen,NN,schütze,7573,,
tg,kq6g.0,39462,39547,"Vasco, (Baß)",3,?,$.,--,7573,,
tg,kq6g.0,39462,39547,"Vasco, (Baß)",3,Ein,ART,ein,7573,,
tg,kq6g.0,39462,39547,"Vasco, (Baß)",3,Ketzer,NN,ketzer,7573,,
tg,kq6g.0,39462,39547,"Vasco, (Baß)",3,ist's,VVFIN,ist's,7573,,
tg,kq6g.0,39462,39547,"Vasco, (Baß)",3,",","$,",--,7573,,
tg,kq6g.0,39462,39547,"Vasco, (Baß)",3,kein,PIAT,kein,7573,,
tg,kq6g.0,39462,39547,"Vasco, (Baß)",3,guter,ADJA,gut,7573,,
tg,kq6g.0,39462,39547,"Vasco, (Baß)",3,Christ,NE,christ,7573,,
tg,kq6g.0,39462,39547,"Vasco, (Baß)",3,"!",$.,--,7573,,
tg,kq6g.0,39554,39995,"Gabriele, seine Nichte, (Sopran)",2,Laß,VVIMP,lassen,7573,,
tg,kq6g.0,39554,39995,"Gabriele, seine Nichte, (Sopran)",2,ab,APPR,ab,7573,,
tg,kq6g.0,39554,39995,"Gabriele, seine Nichte, (Sopran)",2,von,APPR,von,7573,,
tg,kq6g.0,39554,39995,"Gabriele, seine Nichte, (Sopran)",2,deinem,PPOSAT,dein,7573,,
tg,kq6g.0,39554,39995,"Gabriele, seine Nichte, (Sopran)",2,bösen,ADJA,böse,7573,,
tg,kq6g.0,39554,39995,"Gabriele, seine Nichte, (Sopran)",2,Trachten,NN,tracht,7573,,
tg,kq6g.0,39554,39995,"Gabriele, seine Nichte, (Sopran)",2,",","$,",--,7573,,
tg,kq6g.0,39554,39995,"Gabriele, seine Nichte, (Sopran)",2,Laß,VVIMP,lassen,7573,,
tg,kq6g.0,39554,39995,"Gabriele, seine Nichte, (Sopran)",2,frei,ADJD,frei,7573,,
tg,kq6g.0,39554,39995,"Gabriele, seine Nichte, (Sopran)",2,ihn,PPER,ihn,7573,,
tg,kq6g.0,39554,39995,"Gabriele, seine Nichte, (Sopran)",2,ziehn,CARD,ziehn,7573,,
tg,kq6g.0,39554,39995,"Gabriele, seine Nichte, (Sopran)",2,",","$,",--,7573,,
tg,kq6g.0,39554,39995,"Gabriele, seine Nichte, (Sopran)",2,laß,VVFIN,lassen,7573,,
tg,kq6g.0,39554,39995,"Gabriele, seine Nichte, (Sopran)",2,frei,ADJD,frei,7573,,
tg,kq6g.0,39554,39995,"Gabriele, seine Nichte, (Sopran)",2,ihn,PPER,ihn,7573,,
tg,kq6g.0,39554,39995,"Gabriele, seine Nichte, (Sopran)",2,ziehn,CARD,ziehn,7573,,
tg,kq6g.0,39554,39995,"Gabriele, seine Nichte, (Sopran)",2,"!",$.,--,7573,,
tg,kq6g.0,39554,39995,"Gabriele, seine Nichte, (Sopran)",2,Damit,KOUS,damit,7573,,
tg,kq6g.0,39554,39995,"Gabriele, seine Nichte, (Sopran)",2,ich,PPER,ich,7573,"Gabriele, seine Nichte, (Sopran)",2
tg,kq6g.0,39554,39995,"Gabriele, seine Nichte, (Sopran)",2,ferner,ADV,ferner,7573,,
tg,kq6g.0,39554,39995,"Gabriele, seine Nichte, (Sopran)",2,dich,PRF,dich,7573,,
tg,kq6g.0,39554,39995,"Gabriele, seine Nichte, (Sopran)",2,kann,VMFIN,können,7573,,
tg,kq6g.0,39554,39995,"Gabriele, seine Nichte, (Sopran)",2,achten,VVINF,achten,7573,,
tg,kq6g.0,39554,39995,"Gabriele, seine Nichte, (Sopran)",2,",","$,",--,7573,,
tg,kq6g.0,39554,39995,"Gabriele, seine Nichte, (Sopran)",2,Verbann,NN,verbann,7573,,
tg,kq6g.0,39554,39995,"Gabriele, seine Nichte, (Sopran)",2,',$[,--,7573,,
tg,kq6g.0,39554,39995,"Gabriele, seine Nichte, (Sopran)",2,der,ART,der,7573,,
tg,kq6g.0,39554,39995,"Gabriele, seine Nichte, (Sopran)",2,Rache,NN,rache,7573,,
tg,kq6g.0,39554,39995,"Gabriele, seine Nichte, (Sopran)",2,blut'gen,VVFIN,blut'gen,7573,,
tg,kq6g.0,39554,39995,"Gabriele, seine Nichte, (Sopran)",2,Sinn,NN,sinn,7573,,
tg,kq6g.0,39554,39995,"Gabriele, seine Nichte, (Sopran)",2,"!",$.,--,7573,,
tg,kq6g.0,39554,39995,"Gabriele, seine Nichte, (Sopran)",2,Laß,VVIMP,lassen,7573,,
tg,kq6g.0,39554,39995,"Gabriele, seine Nichte, (Sopran)",2,ab,APPR,ab,7573,,
tg,kq6g.0,39554,39995,"Gabriele, seine Nichte, (Sopran)",2,von,APPR,von,7573,,
tg,kq6g.0,39554,39995,"Gabriele, seine Nichte, (Sopran)",2,deinem,PPOSAT,dein,7573,,
tg,kq6g.0,39554,39995,"Gabriele, seine Nichte, (Sopran)",2,bösen,ADJA,böse,7573,,
tg,kq6g.0,39554,39995,"Gabriele, seine Nichte, (Sopran)",2,Trachten,NN,tracht,7573,,
tg,kq6g.0,39554,39995,"Gabriele, seine Nichte, (Sopran)",2,",","$,",--,7573,,
tg,kq6g.0,39554,39995,"Gabriele, seine Nichte, (Sopran)",2,Erbarme,NN,erbarm,7573,,
tg,kq6g.0,39554,39995,"Gabriele, seine Nichte, (Sopran)",2,dich,PPER,dich,7573,,
tg,kq6g.0,39554,39995,"Gabriele, seine Nichte, (Sopran)",2,",","$,",--,7573,,
tg,kq6g.0,39554,39995,"Gabriele, seine Nichte, (Sopran)",2,laß,VVFIN,lassen,7573,,
tg,kq6g.0,39554,39995,"Gabriele, seine Nichte, (Sopran)",2,frei,ADJD,frei,7573,,
tg,kq6g.0,39554,39995,"Gabriele, seine Nichte, (Sopran)",2,ihn,PPER,ihn,7573,,
tg,kq6g.0,39554,39995,"Gabriele, seine Nichte, (Sopran)",2,ziehn,CARD,ziehn,7573,,
tg,kq6g.0,39554,39995,"Gabriele, seine Nichte, (Sopran)",2,",","$,",--,7573,,
tg,kq6g.0,39554,39995,"Gabriele, seine Nichte, (Sopran)",2,Damit,KOUS,damit,7573,,
tg,kq6g.0,39554,39995,"Gabriele, seine Nichte, (Sopran)",2,ich,PPER,ich,7573,"Gabriele, seine Nichte, (Sopran)",2
tg,kq6g.0,39554,39995,"Gabriele, seine Nichte, (Sopran)",2,ferner,ADV,ferner,7573,,
tg,kq6g.0,39554,39995,"Gabriele, seine Nichte, (Sopran)",2,dich,PRF,dich,7573,,
tg,kq6g.0,39554,39995,"Gabriele, seine Nichte, (Sopran)",2,kann,VMFIN,können,7573,,
tg,kq6g.0,39554,39995,"Gabriele, seine Nichte, (Sopran)",2,achten,VVINF,achten,7573,,
tg,kq6g.0,39554,39995,"Gabriele, seine Nichte, (Sopran)",2,",","$,",--,7573,,
tg,kq6g.0,39554,39995,"Gabriele, seine Nichte, (Sopran)",2,Verbann,NN,verbann,7573,,
tg,kq6g.0,39554,39995,"Gabriele, seine Nichte, (Sopran)",2,',$[,--,7573,,
tg,kq6g.0,39554,39995,"Gabriele, seine Nichte, (Sopran)",2,der,ART,der,7573,,
tg,kq6g.0,39554,39995,"Gabriele, seine Nichte, (Sopran)",2,Rache,NN,rache,7573,,
tg,kq6g.0,39554,39995,"Gabriele, seine Nichte, (Sopran)",2,blut'gen,VVFIN,blut'gen,7573,,
tg,kq6g.0,39554,39995,"Gabriele, seine Nichte, (Sopran)",2,Sinn,NN,sinn,7573,,
tg,kq6g.0,39554,39995,"Gabriele, seine Nichte, (Sopran)",2,"!",$.,--,7573,,
tg,kq6g.0,39554,39995,"Gabriele, seine Nichte, (Sopran)",2,Mein,PPOSAT,mein,7573,,
tg,kq6g.0,39554,39995,"Gabriele, seine Nichte, (Sopran)",2,Gomez,NN,gomez,7573,,
tg,kq6g.0,39554,39995,"Gabriele, seine Nichte, (Sopran)",2,",","$,",--,7573,,
tg,kq6g.0,39554,39995,"Gabriele, seine Nichte, (Sopran)",2,dich,PRF,dich,7573,,
tg,kq6g.0,39554,39995,"Gabriele, seine Nichte, (Sopran)",2,soll,VMFIN,sollen,7573,,
tg,kq6g.0,39554,39995,"Gabriele, seine Nichte, (Sopran)",2,ich,PPER,ich,7573,"Gabriele, seine Nichte, (Sopran)",2
tg,kq6g.0,39554,39995,"Gabriele, seine Nichte, (Sopran)",2,verlassen,VVINF,verlassen,7573,,
tg,kq6g.0,39554,39995,"Gabriele, seine Nichte, (Sopran)",2,",","$,",--,7573,,
tg,kq6g.0,39554,39995,"Gabriele, seine Nichte, (Sopran)",2,Gott,NN,gott,7573,,
tg,kq6g.0,39554,39995,"Gabriele, seine Nichte, (Sopran)",2,",","$,",--,7573,,
tg,kq6g.0,39554,39995,"Gabriele, seine Nichte, (Sopran)",2,diese,PDAT,dieser,7573,,
tg,kq6g.0,39554,39995,"Gabriele, seine Nichte, (Sopran)",2,Prüfung,NN,prüfung,7573,,
tg,kq6g.0,39554,39995,"Gabriele, seine Nichte, (Sopran)",2,ist,VAFIN,sein,7573,,
tg,kq6g.0,39554,39995,"Gabriele, seine Nichte, (Sopran)",2,zu,APPR,zu,7573,,
tg,kq6g.0,39554,39995,"Gabriele, seine Nichte, (Sopran)",2,hart,ADJD,hart,7573,,
tg,kq6g.0,39554,39995,"Gabriele, seine Nichte, (Sopran)",2,"!",$.,--,7573,,
tg,kq6g.0,39554,39995,"Gabriele, seine Nichte, (Sopran)",2,Laß,VVIMP,lassen,7573,,
tg,kq6g.0,39554,39995,"Gabriele, seine Nichte, (Sopran)",2,ab,APPR,ab,7573,,
tg,kq6g.0,39554,39995,"Gabriele, seine Nichte, (Sopran)",2,von,APPR,von,7573,,
tg,kq6g.0,39554,39995,"Gabriele, seine Nichte, (Sopran)",2,deinem,PPOSAT,dein,7573,,
tg,kq6g.0,39554,39995,"Gabriele, seine Nichte, (Sopran)",2,bösen,ADJA,böse,7573,,
tg,kq6g.0,39554,39995,"Gabriele, seine Nichte, (Sopran)",2,Trachten,NN,tracht,7573,,
tg,kq6g.0,39554,39995,"Gabriele, seine Nichte, (Sopran)",2,",","$,",--,7573,,
tg,kq6g.0,39554,39995,"Gabriele, seine Nichte, (Sopran)",2,Verbann,NN,verbann,7573,,
tg,kq6g.0,39554,39995,"Gabriele, seine Nichte, (Sopran)",2,',$[,--,7573,,
tg,kq6g.0,39554,39995,"Gabriele, seine Nichte, (Sopran)",2,der,ART,der,7573,,
tg,kq6g.0,39554,39995,"Gabriele, seine Nichte, (Sopran)",2,Rache,NN,rache,7573,,
tg,kq6g.0,39554,39995,"Gabriele, seine Nichte, (Sopran)",2,blut'gen,VVFIN,blut'gen,7573,,
tg,kq6g.0,39554,39995,"Gabriele, seine Nichte, (Sopran)",2,Sinn,NN,sinn,7573,,
tg,kq6g.0,39554,39995,"Gabriele, seine Nichte, (Sopran)",2,"!",$.,--,7573,,
tg,kq6g.0,40002,40298,"Vasco, (Baß)",3,Liegt,VVFIN,liegen,7573,,
tg,kq6g.0,40002,40298,"Vasco, (Baß)",3,dir,PPER,dir,7573,,
tg,kq6g.0,40002,40298,"Vasco, (Baß)",3,so,ADV,so,7573,,
tg,kq6g.0,40002,40298,"Vasco, (Baß)",3,viel,PIDAT,viel,7573,,
tg,kq6g.0,40002,40298,"Vasco, (Baß)",3,an,APPR,an,7573,,
tg,kq6g.0,40002,40298,"Vasco, (Baß)",3,seinem,PPOSAT,sein,7573,,
tg,kq6g.0,40002,40298,"Vasco, (Baß)",3,Leben,NN,leben,7573,,
tg,kq6g.0,40002,40298,"Vasco, (Baß)",3,",","$,",--,7573,,
tg,kq6g.0,40002,40298,"Vasco, (Baß)",3,Wirst,VAFIN,wirst,7573,,
tg,kq6g.0,40002,40298,"Vasco, (Baß)",3,du,PPER,du,7573,,
tg,kq6g.0,40002,40298,"Vasco, (Baß)",3,ein,ART,ein,7573,,
tg,kq6g.0,40002,40298,"Vasco, (Baß)",3,Opfer,NN,opfer,7573,,
tg,kq6g.0,40002,40298,"Vasco, (Baß)",3,wohl,ADV,wohl,7573,,
tg,kq6g.0,40002,40298,"Vasco, (Baß)",3,nicht,PTKNEG,nicht,7573,,
tg,kq6g.0,40002,40298,"Vasco, (Baß)",3,scheun,VVINF,scheun,7573,,
tg,kq6g.0,40002,40298,"Vasco, (Baß)",3,"!",$.,--,7573,,
tg,kq6g.0,40002,40298,"Vasco, (Baß)",3,Willst,VAFIN,willen,7573,,
tg,kq6g.0,40002,40298,"Vasco, (Baß)",3,du,PPER,du,7573,,
tg,kq6g.0,40002,40298,"Vasco, (Baß)",3,dein,PPOSAT,dein,7573,,
tg,kq6g.0,40002,40298,"Vasco, (Baß)",3,Herz,NN,herz,7573,,
tg,kq6g.0,40002,40298,"Vasco, (Baß)",3,",","$,",--,7573,,
tg,kq6g.0,40002,40298,"Vasco, (Baß)",3,die,ART,der,7573,,
tg,kq6g.0,40002,40298,"Vasco, (Baß)",3,Hand,NN,hand,7573,,
tg,kq6g.0,40002,40298,"Vasco, (Baß)",3,mir,PPER,sich,7573,"Vasco, (Baß)",3
tg,kq6g.0,40002,40298,"Vasco, (Baß)",3,geben,VVINF,geben,7573,,
tg,kq6g.0,40002,40298,"Vasco, (Baß)",3,",","$,",--,7573,,
tg,kq6g.0,40002,40298,"Vasco, (Baß)",3,So,ADV,so,7573,,
tg,kq6g.0,40002,40298,"Vasco, (Baß)",3,will,VMFIN,wollen,7573,,
tg,kq6g.0,40002,40298,"Vasco, (Baß)",3,ich,PPER,ich,7573,"Vasco, (Baß)",3
tg,kq6g.0,40002,40298,"Vasco, (Baß)",3,ihn,PPER,ihn,7573,,
tg,kq6g.0,40002,40298,"Vasco, (Baß)",3,sogleich,ADV,sogleich,7573,,
tg,kq6g.0,40002,40298,"Vasco, (Baß)",3,befrein,VVFIN,befrein,7573,,
tg,kq6g.0,40002,40298,"Vasco, (Baß)",3,"!",$.,--,7573,,
tg,kq6g.0,40002,40298,"Vasco, (Baß)",3,Ja,PTKANT,ja,7573,,
tg,kq6g.0,40002,40298,"Vasco, (Baß)",3,",","$,",--,7573,,
tg,kq6g.0,40002,40298,"Vasco, (Baß)",3,jener,PDAT,jener,7573,,
tg,kq6g.0,40002,40298,"Vasco, (Baß)",3,Fremde,NN,fremde,7573,,
tg,kq6g.0,40002,40298,"Vasco, (Baß)",3,soll,VMFIN,sollen,7573,,
tg,kq6g.0,40002,40298,"Vasco, (Baß)",3,erblassen,VVINF,erblassen,7573,,
tg,kq6g.0,40002,40298,"Vasco, (Baß)",3,"!",$.,--,7573,,
tg,kq6g.0,40002,40298,"Vasco, (Baß)",3,Scheint,NE,scheint,7573,,
tg,kq6g.0,40002,40298,"Vasco, (Baß)",3,diese,PDAT,dieser,7573,,
tg,kq6g.0,40002,40298,"Vasco, (Baß)",3,Prüfung,NN,prüfung,7573,,
tg,kq6g.0,40002,40298,"Vasco, (Baß)",3,dir,PPER,dir,7573,,
tg,kq6g.0,40002,40298,"Vasco, (Baß)",3,zu,APPR,zu,7573,,
tg,kq6g.0,40002,40298,"Vasco, (Baß)",3,hart,ADJD,hart,7573,,
tg,kq6g.0,40002,40298,"Vasco, (Baß)",3,",","$,",--,7573,,
tg,kq6g.0,40002,40298,"Vasco, (Baß)",3,Willst,VAFIN,willst,7573,,
tg,kq6g.0,40002,40298,"Vasco, (Baß)",3,du,PPER,du,7573,,
tg,kq6g.0,40002,40298,"Vasco, (Baß)",3,die,ART,der,7573,,
tg,kq6g.0,40002,40298,"Vasco, (Baß)",3,Hand,NN,hand,7573,,
tg,kq6g.0,40002,40298,"Vasco, (Baß)",3,mir,PPER,sich,7573,"Vasco, (Baß)",3
tg,kq6g.0,40002,40298,"Vasco, (Baß)",3,geben,VVINF,geben,7573,,
tg,kq6g.0,40002,40298,"Vasco, (Baß)",3,",","$,",--,7573,,
tg,kq6g.0,40002,40298,"Vasco, (Baß)",3,So,ADV,so,7573,,
tg,kq6g.0,40002,40298,"Vasco, (Baß)",3,will,VMFIN,wollen,7573,,
tg,kq6g.0,40002,40298,"Vasco, (Baß)",3,ich,PPER,ich,7573,"Vasco, (Baß)",3
tg,kq6g.0,40002,40298,"Vasco, (Baß)",3,ihn,PPER,ihn,7573,,
tg,kq6g.0,40002,40298,"Vasco, (Baß)",3,sogleich,ADV,sogleich,7573,,
tg,kq6g.0,40002,40298,"Vasco, (Baß)",3,befrein,VVFIN,befrein,7573,,
tg,kq6g.0,40002,40298,"Vasco, (Baß)",3,"!",$.,--,7573,,
tg,kq6g.0,40304,40327,"Gabriele, seine Nichte, (Sopran)",2,Erbarme,ADJA,erbarm,7573,,
tg,kq6g.0,40304,40327,"Gabriele, seine Nichte, (Sopran)",2,dich,PRF,dich,7573,,
tg,kq6g.0,40304,40327,"Gabriele, seine Nichte, (Sopran)",2,"!",$.,--,7573,,
tg,kq6g.0,40332,40369,"Vasco, (Baß)",3,Willst,VAFIN,willen,7573,,
tg,kq6g.0,40332,40369,"Vasco, (Baß)",3,du,PPER,du,7573,,
tg,kq6g.0,40332,40369,"Vasco, (Baß)",3,die,ART,der,7573,,
tg,kq6g.0,40332,40369,"Vasco, (Baß)",3,Hand,NN,hand,7573,,
tg,kq6g.0,40332,40369,"Vasco, (Baß)",3,mir,PPER,sich,7573,"Vasco, (Baß)",3
tg,kq6g.0,40332,40369,"Vasco, (Baß)",3,geben,VVFIN,geben,7573,,
tg,kq6g.0,40332,40369,"Vasco, (Baß)",3,–,PPER,–,7573,,
tg,kq6g.0,40375,40398,"Gabriele, seine Nichte, (Sopran)",2,Erbarme,VVFIN,erbarm,7573,,
tg,kq6g.0,40375,40398,"Gabriele, seine Nichte, (Sopran)",2,dich,PPER,dich,7573,,
tg,kq6g.0,40375,40398,"Gabriele, seine Nichte, (Sopran)",2,"!",$.,--,7573,,
tg,kq6g.0,40403,40431,"Vasco, (Baß)",3,Will,VMFIN,wollen,7573,,
tg,kq6g.0,40403,40431,"Vasco, (Baß)",3,ich,PPER,ich,7573,"Vasco, (Baß)",3
tg,kq6g.0,40403,40431,"Vasco, (Baß)",3,ihn,PPER,ihn,7573,,
tg,kq6g.0,40403,40431,"Vasco, (Baß)",3,befrein,VVFIN,befrein,7573,,
tg,kq6g.0,40403,40431,"Vasco, (Baß)",3,"!",$.,--,7573,,
tg,kq6g.0,40436,40583,"Gabriele, seine Nichte, (Sopran)",2,Nein,PTKANT,nein,7573,,
tg,kq6g.0,40436,40583,"Gabriele, seine Nichte, (Sopran)",2,",","$,",--,7573,,
tg,kq6g.0,40436,40583,"Gabriele, seine Nichte, (Sopran)",2,nimmermehr,NN,nimmermehr,7573,,
tg,kq6g.0,40436,40583,"Gabriele, seine Nichte, (Sopran)",2,",","$,",--,7573,,
tg,kq6g.0,40436,40583,"Gabriele, seine Nichte, (Sopran)",2,um,KOUI,um,7573,,
tg,kq6g.0,40436,40583,"Gabriele, seine Nichte, (Sopran)",2,solchen,PIDAT,solcher,7573,,
tg,kq6g.0,40436,40583,"Gabriele, seine Nichte, (Sopran)",2,Preis,NN,preis,7573,,
tg,kq6g.0,40436,40583,"Gabriele, seine Nichte, (Sopran)",2,Mag,VMFIN,mögen,7573,,
tg,kq6g.0,40436,40583,"Gabriele, seine Nichte, (Sopran)",2,ich,PPER,ich,7573,"Gabriele, seine Nichte, (Sopran)",2
tg,kq6g.0,40436,40583,"Gabriele, seine Nichte, (Sopran)",2,des,ART,der,7573,,
tg,kq6g.0,40436,40583,"Gabriele, seine Nichte, (Sopran)",2,Fremden,NN,fremd,7573,,
tg,kq6g.0,40436,40583,"Gabriele, seine Nichte, (Sopran)",2,Leben,NN,leben,7573,,
tg,kq6g.0,40436,40583,"Gabriele, seine Nichte, (Sopran)",2,nicht,PTKNEG,nicht,7573,,
tg,kq6g.0,40436,40583,"Gabriele, seine Nichte, (Sopran)",2,.,$.,--,7573,,
tg,kq6g.0,40436,40583,"Gabriele, seine Nichte, (Sopran)",2,In,APPR,in,7573,,
tg,kq6g.0,40436,40583,"Gabriele, seine Nichte, (Sopran)",2,Gottes,NN,gott,7573,,
tg,kq6g.0,40436,40583,"Gabriele, seine Nichte, (Sopran)",2,Schutze,NN,schutz,7573,,
tg,kq6g.0,40436,40583,"Gabriele, seine Nichte, (Sopran)",2,geb,VVFIN,geb,7573,,
tg,kq6g.0,40436,40583,"Gabriele, seine Nichte, (Sopran)",2,',$[,--,7573,,
tg,kq6g.0,40436,40583,"Gabriele, seine Nichte, (Sopran)",2,ich,PPER,ich,7573,"Gabriele, seine Nichte, (Sopran)",2
tg,kq6g.0,40436,40583,"Gabriele, seine Nichte, (Sopran)",2,ihn,PPER,ihn,7573,,
tg,kq6g.0,40436,40583,"Gabriele, seine Nichte, (Sopran)",2,",","$,",--,7573,,
tg,kq6g.0,40436,40583,"Gabriele, seine Nichte, (Sopran)",2,Er,PPER,er,7573,,
tg,kq6g.0,40436,40583,"Gabriele, seine Nichte, (Sopran)",2,wird,VAFIN,werden,7573,,
tg,kq6g.0,40436,40583,"Gabriele, seine Nichte, (Sopran)",2,der,ART,der,7573,,
tg,kq6g.0,40436,40583,"Gabriele, seine Nichte, (Sopran)",2,Unschuld,NN,unschuld,7573,,
tg,kq6g.0,40436,40583,"Gabriele, seine Nichte, (Sopran)",2,Retter,NE,retter,7573,,
tg,kq6g.0,40436,40583,"Gabriele, seine Nichte, (Sopran)",2,sein,PPOSAT,sein,7573,,
tg,kq6g.0,40436,40583,"Gabriele, seine Nichte, (Sopran)",2,"!",$.,--,7573,,
tg,kq6g.0,40589,40737,"Vasco, (Baß)",3,So,ADV,so,7573,,
tg,kq6g.0,40589,40737,"Vasco, (Baß)",3,bleibt's,VVFIN,bleibt's,7573,,
tg,kq6g.0,40589,40737,"Vasco, (Baß)",3,",","$,",--,7573,,
tg,kq6g.0,40589,40737,"Vasco, (Baß)",3,wie,PWAV,wie,7573,,
tg,kq6g.0,40589,40737,"Vasco, (Baß)",3,ich,PPER,ich,7573,"Vasco, (Baß)",3
tg,kq6g.0,40589,40737,"Vasco, (Baß)",3,es,PPER,es,7573,,
tg,kq6g.0,40589,40737,"Vasco, (Baß)",3,fest,ADJD,fest,7573,,
tg,kq6g.0,40589,40737,"Vasco, (Baß)",3,gelobet,VVPP,loben,7573,,
tg,kq6g.0,40589,40737,"Vasco, (Baß)",3,",","$,",--,7573,,
tg,kq6g.0,40589,40737,"Vasco, (Baß)",3,Vollstrecket,VVPP,vollstrecket,7573,,
tg,kq6g.0,40589,40737,"Vasco, (Baß)",3,sei,VAFIN,sein,7573,,
tg,kq6g.0,40589,40737,"Vasco, (Baß)",3,der,ART,der,7573,,
tg,kq6g.0,40589,40737,"Vasco, (Baß)",3,Racheplan,NN,racheplan,7573,,
tg,kq6g.0,40589,40737,"Vasco, (Baß)",3,",","$,",--,7573,,
tg,kq6g.0,40589,40737,"Vasco, (Baß)",3,Verschmähte,NN,verschmäht,7573,,
tg,kq6g.0,40589,40737,"Vasco, (Baß)",3,Liebe,NN,liebe,7573,,
tg,kq6g.0,40589,40737,"Vasco, (Baß)",3,in,APPR,in,7573,,
tg,kq6g.0,40589,40737,"Vasco, (Baß)",3,mir,PPER,sich,7573,"Vasco, (Baß)",3
tg,kq6g.0,40589,40737,"Vasco, (Baß)",3,tobt,VVFIN,toben,7573,,
tg,kq6g.0,40589,40737,"Vasco, (Baß)",3,",","$,",--,7573,,
tg,kq6g.0,40589,40737,"Vasco, (Baß)",3,Sie,PPER,sie,7573,,
tg,kq6g.0,40589,40737,"Vasco, (Baß)",3,reißt,VVFIN,reißen,7573,,
tg,kq6g.0,40589,40737,"Vasco, (Baß)",3,mich,PPER,mich,7573,"Vasco, (Baß)",3
tg,kq6g.0,40589,40737,"Vasco, (Baß)",3,hin,ADV,hin,7573,,
tg,kq6g.0,40589,40737,"Vasco, (Baß)",3,auf,APPR,auf,7573,,
tg,kq6g.0,40589,40737,"Vasco, (Baß)",3,blut'ge,ADJA,blut'g,7573,,
tg,kq6g.0,40589,40737,"Vasco, (Baß)",3,Bahn,NN,bahn,7573,,
tg,kq6g.0,40589,40737,"Vasco, (Baß)",3,"!",$.,--,7573,,
tg,kq6g.0,40743,40897,"Gabriele, seine Nichte, (Sopran)",2,Alle,PIDAT,aller,7573,ALLE,22
tg,kq6g.0,40743,40897,"Gabriele, seine Nichte, (Sopran)",2,Pulse,NN,pulse,7573,,
tg,kq6g.0,40743,40897,"Gabriele, seine Nichte, (Sopran)",2,mir,PPER,sich,7573,"Gabriele, seine Nichte, (Sopran)",2
tg,kq6g.0,40743,40897,"Gabriele, seine Nichte, (Sopran)",2,erbeben,VVFIN,erbeben,7573,,
tg,kq6g.0,40743,40897,"Gabriele, seine Nichte, (Sopran)",2,",","$,",--,7573,,
tg,kq6g.0,40743,40897,"Gabriele, seine Nichte, (Sopran)",2,Teurer,NN,teuer,7573,,
tg,kq6g.0,40743,40897,"Gabriele, seine Nichte, (Sopran)",2,Gomez,NE,gomez,7573,,
tg,kq6g.0,40743,40897,"Gabriele, seine Nichte, (Sopran)",2,",","$,",--,7573,,
tg,kq6g.0,40743,40897,"Gabriele, seine Nichte, (Sopran)",2,ja,ADV,ja,7573,,
tg,kq6g.0,40743,40897,"Gabriele, seine Nichte, (Sopran)",2,",","$,",--,7573,,
tg,kq6g.0,40743,40897,"Gabriele, seine Nichte, (Sopran)",2,ich,PPER,ich,7573,"Gabriele, seine Nichte, (Sopran)",2
tg,kq6g.0,40743,40897,"Gabriele, seine Nichte, (Sopran)",2,bleibe,VVFIN,bleiben,7573,,
tg,kq6g.0,40743,40897,"Gabriele, seine Nichte, (Sopran)",2,dein,PPOSAT,dein,7573,,
tg,kq6g.0,40743,40897,"Gabriele, seine Nichte, (Sopran)",2,"!",$.,--,7573,,
tg,kq6g.0,40743,40897,"Gabriele, seine Nichte, (Sopran)",2,Doch,KON,doch,7573,,
tg,kq6g.0,40743,40897,"Gabriele, seine Nichte, (Sopran)",2,ich,PPER,ich,7573,"Gabriele, seine Nichte, (Sopran)",2
tg,kq6g.0,40743,40897,"Gabriele, seine Nichte, (Sopran)",2,schwör,ADV,schwör,7573,,
tg,kq6g.0,40743,40897,"Gabriele, seine Nichte, (Sopran)",2,',$[,--,7573,,
tg,kq6g.0,40743,40897,"Gabriele, seine Nichte, (Sopran)",2,es,PPER,es,7573,,
tg,kq6g.0,40743,40897,"Gabriele, seine Nichte, (Sopran)",2,",","$,",--,7573,,
tg,kq6g.0,40743,40897,"Gabriele, seine Nichte, (Sopran)",2,er,PPER,er,7573,,
tg,kq6g.0,40743,40897,"Gabriele, seine Nichte, (Sopran)",2,soll,VMFIN,sollen,7573,,
tg,kq6g.0,40743,40897,"Gabriele, seine Nichte, (Sopran)",2,leben,VVINF,leben,7573,,
tg,kq6g.0,40743,40897,"Gabriele, seine Nichte, (Sopran)",2,",","$,",--,7573,,
tg,kq6g.0,40743,40897,"Gabriele, seine Nichte, (Sopran)",2,List,NE,list,7573,,
tg,kq6g.0,40743,40897,"Gabriele, seine Nichte, (Sopran)",2,und,KON,und,7573,,
tg,kq6g.0,40743,40897,"Gabriele, seine Nichte, (Sopran)",2,Gewalt,NN,gewalt,7573,,
tg,kq6g.0,40743,40897,"Gabriele, seine Nichte, (Sopran)",2,muß,VMFIN,müssen,7573,,
tg,kq6g.0,40743,40897,"Gabriele, seine Nichte, (Sopran)",2,ihn,PPER,ihn,7573,,
tg,kq6g.0,40743,40897,"Gabriele, seine Nichte, (Sopran)",2,befrein,VVINF,befrein,7573,,
tg,kq6g.0,40743,40897,"Gabriele, seine Nichte, (Sopran)",2,"!",$.,--,7573,,
tg,kq6g.0,40903,41076,"Vasco, (Baß)",3,Liegt,VVFIN,liegen,7573,,
tg,kq6g.0,40903,41076,"Vasco, (Baß)",3,dir,PPER,dir,7573,,
tg,kq6g.0,40903,41076,"Vasco, (Baß)",3,so,ADV,so,7573,,
tg,kq6g.0,40903,41076,"Vasco, (Baß)",3,viel,PIDAT,viel,7573,,
tg,kq6g.0,40903,41076,"Vasco, (Baß)",3,an,APPR,an,7573,,
tg,kq6g.0,40903,41076,"Vasco, (Baß)",3,seinem,PPOSAT,sein,7573,,
tg,kq6g.0,40903,41076,"Vasco, (Baß)",3,Leben,NN,leben,7573,,
tg,kq6g.0,40903,41076,"Vasco, (Baß)",3,",","$,",--,7573,,
tg,kq6g.0,40903,41076,"Vasco, (Baß)",3,Wirst,VAFIN,wirst,7573,,
tg,kq6g.0,40903,41076,"Vasco, (Baß)",3,du,PPER,du,7573,,
tg,kq6g.0,40903,41076,"Vasco, (Baß)",3,ein,ART,ein,7573,,
tg,kq6g.0,40903,41076,"Vasco, (Baß)",3,kleines,ADJA,klein,7573,,
tg,kq6g.0,40903,41076,"Vasco, (Baß)",3,Opfer,NN,opfer,7573,,
tg,kq6g.0,40903,41076,"Vasco, (Baß)",3,wohl,ADV,wohl,7573,,
tg,kq6g.0,40903,41076,"Vasco, (Baß)",3,nicht,PTKNEG,nicht,7573,,
tg,kq6g.0,40903,41076,"Vasco, (Baß)",3,scheun,ADJD,scheun,7573,,
tg,kq6g.0,40903,41076,"Vasco, (Baß)",3,",","$,",--,7573,,
tg,kq6g.0,40903,41076,"Vasco, (Baß)",3,Wirst,VAFIN,wirst,7573,,
tg,kq6g.0,40903,41076,"Vasco, (Baß)",3,du,PPER,du,7573,,
tg,kq6g.0,40903,41076,"Vasco, (Baß)",3,dein,PPOSAT,dein,7573,,
tg,kq6g.0,40903,41076,"Vasco, (Baß)",3,Herz,NN,herz,7573,,
tg,kq6g.0,40903,41076,"Vasco, (Baß)",3,",","$,",--,7573,,
tg,kq6g.0,40903,41076,"Vasco, (Baß)",3,die,ART,der,7573,,
tg,kq6g.0,40903,41076,"Vasco, (Baß)",3,Hand,NN,hand,7573,,
tg,kq6g.0,40903,41076,"Vasco, (Baß)",3,mir,PPER,sich,7573,"Vasco, (Baß)",3
tg,kq6g.0,40903,41076,"Vasco, (Baß)",3,geben,VVINF,geben,7573,,
tg,kq6g.0,40903,41076,"Vasco, (Baß)",3,",","$,",--,7573,,
tg,kq6g.0,40903,41076,"Vasco, (Baß)",3,So,ADV,so,7573,,
tg,kq6g.0,40903,41076,"Vasco, (Baß)",3,will,VMFIN,wollen,7573,,
tg,kq6g.0,40903,41076,"Vasco, (Baß)",3,ich,PPER,ich,7573,"Vasco, (Baß)",3
tg,kq6g.0,40903,41076,"Vasco, (Baß)",3,den,ART,der,7573,,
tg,kq6g.0,40903,41076,"Vasco, (Baß)",3,Fremden,NN,fremde,7573,,
tg,kq6g.0,40903,41076,"Vasco, (Baß)",3,sogleich,ADV,sogleich,7573,,
tg,kq6g.0,40903,41076,"Vasco, (Baß)",3,befrein,VVINF,befrein,7573,,
tg,kq6g.0,40903,41076,"Vasco, (Baß)",3,"!",$.,--,7573,,
tg,kq6g.0,41083,41231,"Gabriele, seine Nichte, (Sopran)",2,Alle,PIDAT,aller,7573,ALLE,22
tg,kq6g.0,41083,41231,"Gabriele, seine Nichte, (Sopran)",2,Pulse,NN,pulse,7573,,
tg,kq6g.0,41083,41231,"Gabriele, seine Nichte, (Sopran)",2,mir,PPER,sich,7573,"Gabriele, seine Nichte, (Sopran)",2
tg,kq6g.0,41083,41231,"Gabriele, seine Nichte, (Sopran)",2,erbeben,VVFIN,erbeben,7573,,
tg,kq6g.0,41083,41231,"Gabriele, seine Nichte, (Sopran)",2,",","$,",--,7573,,
tg,kq6g.0,41083,41231,"Gabriele, seine Nichte, (Sopran)",2,Teurer,NN,teuer,7573,,
tg,kq6g.0,41083,41231,"Gabriele, seine Nichte, (Sopran)",2,Gomez,NE,gomez,7573,,
tg,kq6g.0,41083,41231,"Gabriele, seine Nichte, (Sopran)",2,",","$,",--,7573,,
tg,kq6g.0,41083,41231,"Gabriele, seine Nichte, (Sopran)",2,ich,PPER,ich,7573,"Gabriele, seine Nichte, (Sopran)",2
tg,kq6g.0,41083,41231,"Gabriele, seine Nichte, (Sopran)",2,bleib,VVFIN,bleib,7573,,
tg,kq6g.0,41083,41231,"Gabriele, seine Nichte, (Sopran)",2,',$[,--,7573,,
tg,kq6g.0,41083,41231,"Gabriele, seine Nichte, (Sopran)",2,dein,PPOSAT,dein,7573,,
tg,kq6g.0,41083,41231,"Gabriele, seine Nichte, (Sopran)",2,"!",$.,--,7573,,
tg,kq6g.0,41083,41231,"Gabriele, seine Nichte, (Sopran)",2,Doch,KON,doch,7573,,
tg,kq6g.0,41083,41231,"Gabriele, seine Nichte, (Sopran)",2,ich,PPER,ich,7573,"Gabriele, seine Nichte, (Sopran)",2
tg,kq6g.0,41083,41231,"Gabriele, seine Nichte, (Sopran)",2,schwör,ADV,schwör,7573,,
tg,kq6g.0,41083,41231,"Gabriele, seine Nichte, (Sopran)",2,',$[,--,7573,,
tg,kq6g.0,41083,41231,"Gabriele, seine Nichte, (Sopran)",2,es,PPER,es,7573,,
tg,kq6g.0,41083,41231,"Gabriele, seine Nichte, (Sopran)",2,",","$,",--,7573,,
tg,kq6g.0,41083,41231,"Gabriele, seine Nichte, (Sopran)",2,er,PPER,er,7573,,
tg,kq6g.0,41083,41231,"Gabriele, seine Nichte, (Sopran)",2,soll,VMFIN,sollen,7573,,
tg,kq6g.0,41083,41231,"Gabriele, seine Nichte, (Sopran)",2,leben,VVINF,leben,7573,,
tg,kq6g.0,41083,41231,"Gabriele, seine Nichte, (Sopran)",2,",","$,",--,7573,,
tg,kq6g.0,41083,41231,"Gabriele, seine Nichte, (Sopran)",2,List,NE,list,7573,,
tg,kq6g.0,41083,41231,"Gabriele, seine Nichte, (Sopran)",2,und,KON,und,7573,,
tg,kq6g.0,41083,41231,"Gabriele, seine Nichte, (Sopran)",2,Gewalt,NN,gewalt,7573,,
tg,kq6g.0,41083,41231,"Gabriele, seine Nichte, (Sopran)",2,muß,VMFIN,müssen,7573,,
tg,kq6g.0,41083,41231,"Gabriele, seine Nichte, (Sopran)",2,ihn,PPER,ihn,7573,,
tg,kq6g.0,41083,41231,"Gabriele, seine Nichte, (Sopran)",2,befrein,VVINF,befrein,7573,,
tg,kq6g.0,41083,41231,"Gabriele, seine Nichte, (Sopran)",2,"!",$.,--,7573,,
tg,kq6g.0,41237,41390,"Vasco, (Baß)",3,Liegt,VVFIN,liegen,7573,,
tg,kq6g.0,41237,41390,"Vasco, (Baß)",3,dir,PPER,dir,7573,,
tg,kq6g.0,41237,41390,"Vasco, (Baß)",3,so,ADV,so,7573,,
tg,kq6g.0,41237,41390,"Vasco, (Baß)",3,viel,PIDAT,viel,7573,,
tg,kq6g.0,41237,41390,"Vasco, (Baß)",3,an,APPR,an,7573,,
tg,kq6g.0,41237,41390,"Vasco, (Baß)",3,seinem,PPOSAT,sein,7573,,
tg,kq6g.0,41237,41390,"Vasco, (Baß)",3,Leben,NN,leben,7573,,
tg,kq6g.0,41237,41390,"Vasco, (Baß)",3,",","$,",--,7573,,
tg,kq6g.0,41237,41390,"Vasco, (Baß)",3,Wirst,VAFIN,wirst,7573,,
tg,kq6g.0,41237,41390,"Vasco, (Baß)",3,ein,ART,ein,7573,,
tg,kq6g.0,41237,41390,"Vasco, (Baß)",3,Opfer,NN,opfer,7573,,
tg,kq6g.0,41237,41390,"Vasco, (Baß)",3,du,PPER,du,7573,,
tg,kq6g.0,41237,41390,"Vasco, (Baß)",3,nicht,PTKNEG,nicht,7573,,
tg,kq6g.0,41237,41390,"Vasco, (Baß)",3,scheun,VVFIN,scheun,7573,,
tg,kq6g.0,41237,41390,"Vasco, (Baß)",3,",","$,",--,7573,,
tg,kq6g.0,41237,41390,"Vasco, (Baß)",3,Wirst,VAFIN,wirst,7573,,
tg,kq6g.0,41237,41390,"Vasco, (Baß)",3,du,PPER,du,7573,,
tg,kq6g.0,41237,41390,"Vasco, (Baß)",3,Herz,NN,herz,7573,,
tg,kq6g.0,41237,41390,"Vasco, (Baß)",3,und,KON,und,7573,,
tg,kq6g.0,41237,41390,"Vasco, (Baß)",3,Hand,NN,hand,7573,,
tg,kq6g.0,41237,41390,"Vasco, (Baß)",3,mir,PPER,sich,7573,"Vasco, (Baß)",3
tg,kq6g.0,41237,41390,"Vasco, (Baß)",3,geben,VVINF,geben,7573,,
tg,kq6g.0,41237,41390,"Vasco, (Baß)",3,",","$,",--,7573,,
tg,kq6g.0,41237,41390,"Vasco, (Baß)",3,Will,VMFIN,wollen,7573,,
tg,kq6g.0,41237,41390,"Vasco, (Baß)",3,den,ART,der,7573,,
tg,kq6g.0,41237,41390,"Vasco, (Baß)",3,Fremden,NN,fremde,7573,,
tg,kq6g.0,41237,41390,"Vasco, (Baß)",3,ich,PPER,ich,7573,"Vasco, (Baß)",3
tg,kq6g.0,41237,41390,"Vasco, (Baß)",3,–,XY,–,7573,,
tg,kq6g.0,41237,41390,"Vasco, (Baß)",3,sogleich,ADV,sogleich,7573,,
tg,kq6g.0,41237,41390,"Vasco, (Baß)",3,befrein,VVINF,befrein,7573,,
tg,kq6g.0,41237,41390,"Vasco, (Baß)",3,"!",$.,--,7573,,
tg,kq6g.0,41396,41524,"Gabriele, seine Nichte, (Sopran)",2,In,APPR,in,7573,,
tg,kq6g.0,41396,41524,"Gabriele, seine Nichte, (Sopran)",2,Gottes,NN,gott,7573,,
tg,kq6g.0,41396,41524,"Gabriele, seine Nichte, (Sopran)",2,Schutze,NN,schutz,7573,,
tg,kq6g.0,41396,41524,"Gabriele, seine Nichte, (Sopran)",2,geb,VVFIN,geb,7573,,
tg,kq6g.0,41396,41524,"Gabriele, seine Nichte, (Sopran)",2,',$[,--,7573,,
tg,kq6g.0,41396,41524,"Gabriele, seine Nichte, (Sopran)",2,ich,PPER,ich,7573,"Gabriele, seine Nichte, (Sopran)",2
tg,kq6g.0,41396,41524,"Gabriele, seine Nichte, (Sopran)",2,ihn,PPER,ihn,7573,,
tg,kq6g.0,41396,41524,"Gabriele, seine Nichte, (Sopran)",2,",","$,",--,7573,,
tg,kq6g.0,41396,41524,"Gabriele, seine Nichte, (Sopran)",2,Er,PPER,er,7573,,
tg,kq6g.0,41396,41524,"Gabriele, seine Nichte, (Sopran)",2,wird,VAFIN,werden,7573,,
tg,kq6g.0,41396,41524,"Gabriele, seine Nichte, (Sopran)",2,der,ART,der,7573,,
tg,kq6g.0,41396,41524,"Gabriele, seine Nichte, (Sopran)",2,Unschuld,NN,unschuld,7573,,
tg,kq6g.0,41396,41524,"Gabriele, seine Nichte, (Sopran)",2,Retter,NE,retter,7573,,
tg,kq6g.0,41396,41524,"Gabriele, seine Nichte, (Sopran)",2,sein,PPOSAT,sein,7573,,
tg,kq6g.0,41396,41524,"Gabriele, seine Nichte, (Sopran)",2,"!",$.,--,7573,,
tg,kq6g.0,41530,42059,"Vasco, (Baß)",3,So,ADV,so,7573,,
tg,kq6g.0,41530,42059,"Vasco, (Baß)",3,bleibt's,VVFIN,bleibt's,7573,,
tg,kq6g.0,41530,42059,"Vasco, (Baß)",3,",","$,",--,7573,,
tg,kq6g.0,41530,42059,"Vasco, (Baß)",3,wie,PWAV,wie,7573,,
tg,kq6g.0,41530,42059,"Vasco, (Baß)",3,ich,PPER,ich,7573,"Vasco, (Baß)",3
tg,kq6g.0,41530,42059,"Vasco, (Baß)",3,es,PPER,es,7573,,
tg,kq6g.0,41530,42059,"Vasco, (Baß)",3,fest,ADJD,fest,7573,,
tg,kq6g.0,41530,42059,"Vasco, (Baß)",3,gelobt,VVPP,loben,7573,,
tg,kq6g.0,41530,42059,"Vasco, (Baß)",3,",","$,",--,7573,,
tg,kq6g.0,41530,42059,"Vasco, (Baß)",3,Vollstrecket,VVPP,vollstrecket,7573,,
tg,kq6g.0,41530,42059,"Vasco, (Baß)",3,sei,VAFIN,sein,7573,,
tg,kq6g.0,41530,42059,"Vasco, (Baß)",3,der,ART,der,7573,,
tg,kq6g.0,41530,42059,"Vasco, (Baß)",3,Racheplan,NN,racheplan,7573,,
tg,kq6g.0,41530,42059,"Vasco, (Baß)",3,;,$.,--,7573,,
tg,kq6g.0,41530,42059,"Vasco, (Baß)",3,Verschmähte,NN,verschmäht,7573,,
tg,kq6g.0,41530,42059,"Vasco, (Baß)",3,Liebe,NN,liebe,7573,,
tg,kq6g.0,41530,42059,"Vasco, (Baß)",3,in,APPR,in,7573,,
tg,kq6g.0,41530,42059,"Vasco, (Baß)",3,mir,PPER,sich,7573,"Vasco, (Baß)",3
tg,kq6g.0,41530,42059,"Vasco, (Baß)",3,tobt,VVFIN,toben,7573,,
tg,kq6g.0,41530,42059,"Vasco, (Baß)",3,",","$,",--,7573,,
tg,kq6g.0,41530,42059,"Vasco, (Baß)",3,Sie,PPER,sie,7573,,
tg,kq6g.0,41530,42059,"Vasco, (Baß)",3,reißt,VVFIN,reißen,7573,,
tg,kq6g.0,41530,42059,"Vasco, (Baß)",3,mich,PPER,mich,7573,"Vasco, (Baß)",3
tg,kq6g.0,41530,42059,"Vasco, (Baß)",3,hin,ADV,hin,7573,,
tg,kq6g.0,41530,42059,"Vasco, (Baß)",3,auf,APPR,auf,7573,,
tg,kq6g.0,41530,42059,"Vasco, (Baß)",3,blut'ge,ADJA,blut'g,7573,,
tg,kq6g.0,41530,42059,"Vasco, (Baß)",3,Bahn,NN,bahn,7573,,
tg,kq6g.0,41530,42059,"Vasco, (Baß)",3,"!",$.,--,7573,,
tg,kq6g.0,42154,42340,"Vasco, (Baß)",3,Nun,ADV,nun,7573,,
tg,kq6g.0,42154,42340,"Vasco, (Baß)",3,saget,VVFIN,sagen,7573,,
tg,kq6g.0,42154,42340,"Vasco, (Baß)",3,",","$,",--,7573,,
tg,kq6g.0,42154,42340,"Vasco, (Baß)",3,lieber,ADV,lieber,7573,,
tg,kq6g.0,42154,42340,"Vasco, (Baß)",3,Herr,NN,herr,7573,,
tg,kq6g.0,42154,42340,"Vasco, (Baß)",3,"!",$.,--,7573,,
tg,kq6g.0,42154,42340,"Vasco, (Baß)",3,Ihr,PPOSAT,ihr,7573,,
tg,kq6g.0,42154,42340,"Vasco, (Baß)",3,zürnet,ADJD,zürnet,7573,,
tg,kq6g.0,42154,42340,"Vasco, (Baß)",3,wohl,ADV,wohl,7573,,
tg,kq6g.0,42154,42340,"Vasco, (Baß)",3,nicht,PTKNEG,nicht,7573,,
tg,kq6g.0,42154,42340,"Vasco, (Baß)",3,mehr,ADV,mehr,7573,,
tg,kq6g.0,42154,42340,"Vasco, (Baß)",3,auf,APPR,auf,7573,,
tg,kq6g.0,42154,42340,"Vasco, (Baß)",3,uns,PPER,uns,7573,,
tg,kq6g.0,42154,42340,"Vasco, (Baß)",3,?,$.,--,7573,,
tg,kq6g.0,42154,42340,"Vasco, (Baß)",3,Wir,PPER,wir,7573,,
tg,kq6g.0,42154,42340,"Vasco, (Baß)",3,sind,VAFIN,sein,7573,,
tg,kq6g.0,42154,42340,"Vasco, (Baß)",3,nicht,PTKNEG,nicht,7573,,
tg,kq6g.0,42154,42340,"Vasco, (Baß)",3,grad,ADV,grad,7573,,
tg,kq6g.0,42154,42340,"Vasco, (Baß)",3,',$[,--,7573,,
tg,kq6g.0,42154,42340,"Vasco, (Baß)",3,vom,APPRART,von,7573,,
tg,kq6g.0,42154,42340,"Vasco, (Baß)",3,feinsten,ADJA,fein,7573,,
tg,kq6g.0,42154,42340,"Vasco, (Baß)",3,Ton,NN,ton,7573,,
tg,kq6g.0,42154,42340,"Vasco, (Baß)",3,.,$.,--,7573,,
tg,kq6g.0,42154,42340,"Vasco, (Baß)",3,Ein,ART,ein,7573,,
tg,kq6g.0,42154,42340,"Vasco, (Baß)",3,Hirt,NN,hirt,7573,,
tg,kq6g.0,42154,42340,"Vasco, (Baß)",3,hat,VAFIN,haben,7573,,
tg,kq6g.0,42154,42340,"Vasco, (Baß)",3,auch,ADV,auch,7573,,
tg,kq6g.0,42154,42340,"Vasco, (Baß)",3,nicht,PTKNEG,nicht,7573,,
tg,kq6g.0,42154,42340,"Vasco, (Baß)",3,feine,ADJA,fein,7573,,
tg,kq6g.0,42154,42340,"Vasco, (Baß)",3,Sitten,NN,sitte,7573,,
tg,kq6g.0,42154,42340,"Vasco, (Baß)",3,",","$,",--,7573,,
tg,kq6g.0,42154,42340,"Vasco, (Baß)",3,Doch,KON,doch,7573,,
tg,kq6g.0,42154,42340,"Vasco, (Baß)",3,redlich,ADJD,redlich,7573,,
tg,kq6g.0,42154,42340,"Vasco, (Baß)",3,sind,VAFIN,sein,7573,,
tg,kq6g.0,42154,42340,"Vasco, (Baß)",3,wir,PPER,wir,7573,,
tg,kq6g.0,42154,42340,"Vasco, (Baß)",3,",","$,",--,7573,,
tg,kq6g.0,42154,42340,"Vasco, (Baß)",3,glaubet,VVFIN,glaubet,7573,,
tg,kq6g.0,42154,42340,"Vasco, (Baß)",3,mir,PPER,sich,7573,"Vasco, (Baß)",3
tg,kq6g.0,42154,42340,"Vasco, (Baß)",3,.,$.,--,7573,,
tg,kq6g.0,42346,42480,JÄGER,18,Das,PDS,der,7573,,
tg,kq6g.0,42346,42480,JÄGER,18,ist,VAFIN,sein,7573,,
tg,kq6g.0,42346,42480,JÄGER,18,genug,ADV,genug,7573,,
tg,kq6g.0,42346,42480,JÄGER,18,"!",$.,--,7573,,
tg,kq6g.0,42346,42480,JÄGER,18,Mir,PPER,sich,7573,,
tg,kq6g.0,42346,42480,JÄGER,18,ward,VVFIN,werden,7573,,
tg,kq6g.0,42346,42480,JÄGER,18,die,ART,der,7573,,
tg,kq6g.0,42346,42480,JÄGER,18,Zeit,NN,zeit,7573,,
tg,kq6g.0,42346,42480,JÄGER,18,nicht,PTKNEG,nicht,7573,,
tg,kq6g.0,42346,42480,JÄGER,18,lang,ADJD,lang,7573,,
tg,kq6g.0,42346,42480,JÄGER,18,.,$.,--,7573,,
tg,kq6g.0,42346,42480,JÄGER,18,Der,ART,der,7573,,
tg,kq6g.0,42346,42480,JÄGER,18,hübschen,ADJA,hübsch,7573,,
tg,kq6g.0,42346,42480,JÄGER,18,Dirne,NN,dirne,7573,,
tg,kq6g.0,42346,42480,JÄGER,18,Lied,NN,lied,7573,,
tg,kq6g.0,42346,42480,JÄGER,18,und,KON,und,7573,,
tg,kq6g.0,42346,42480,JÄGER,18,Saitenspiel,NN,saitenspiel,7573,,
tg,kq6g.0,42346,42480,JÄGER,18,Hat,VAFIN,haben,7573,,
tg,kq6g.0,42346,42480,JÄGER,18,in,APPR,in,7573,,
tg,kq6g.0,42346,42480,JÄGER,18,der,ART,der,7573,,
tg,kq6g.0,42346,42480,JÄGER,18,That,NE,that,7573,,
tg,kq6g.0,42346,42480,JÄGER,18,mich,PRF,mich,7573,JÄGER,18
tg,kq6g.0,42346,42480,JÄGER,18,wunderbar,ADJD,wunderbar,7573,,
tg,kq6g.0,42346,42480,JÄGER,18,ergötzt,VVPP,ergötzen,7573,,
tg,kq6g.0,42346,42480,JÄGER,18,.,$.,--,7573,,
tg,kq6g.0,42486,42731,"Vasco, (Baß)",3,Macht's,NE,macht,7573,,
tg,kq6g.0,42486,42731,"Vasco, (Baß)",3,Euch,PPER,euch,7573,,
tg,kq6g.0,42486,42731,"Vasco, (Baß)",3,bequem,ADJD,bequem,7573,,
tg,kq6g.0,42486,42731,"Vasco, (Baß)",3,.,$.,--,7573,,
tg,kq6g.0,42486,42731,"Vasco, (Baß)",3,So,ADV,so,7573,,
tg,kq6g.0,42486,42731,"Vasco, (Baß)",3,viel,PIDAT,viel,7573,,
tg,kq6g.0,42486,42731,"Vasco, (Baß)",3,das,ART,der,7573,,
tg,kq6g.0,42486,42731,"Vasco, (Baß)",3,Haus,NN,haus,7573,,
tg,kq6g.0,42486,42731,"Vasco, (Baß)",3,vermag,VVFIN,vermögen,7573,,
tg,kq6g.0,42486,42731,"Vasco, (Baß)",3,",","$,",--,7573,,
tg,kq6g.0,42486,42731,"Vasco, (Baß)",3,Hat,VAFIN,haben,7573,,
tg,kq6g.0,42486,42731,"Vasco, (Baß)",3,sie,PPER,sie,7573,,
tg,kq6g.0,42486,42731,"Vasco, (Baß)",3,ein,ART,ein,7573,,
tg,kq6g.0,42486,42731,"Vasco, (Baß)",3,Lager,NN,lager,7573,,
tg,kq6g.0,42486,42731,"Vasco, (Baß)",3,hier,ADV,hier,7573,,
tg,kq6g.0,42486,42731,"Vasco, (Baß)",3,für,APPR,für,7573,,
tg,kq6g.0,42486,42731,"Vasco, (Baß)",3,Euch,PPER,euch,7573,,
tg,kq6g.0,42486,42731,"Vasco, (Baß)",3,bereitet,VVFIN,bereiten,7573,,
tg,kq6g.0,42486,42731,"Vasco, (Baß)",3,.,$.,--,7573,,
tg,kq6g.0,42486,42731,"Vasco, (Baß)",3,Schlaft,NN,schlaft,7573,,
tg,kq6g.0,42486,42731,"Vasco, (Baß)",3,sanft,ADJD,sanft,7573,,
tg,kq6g.0,42486,42731,"Vasco, (Baß)",3,und,KON,und,7573,,
tg,kq6g.0,42486,42731,"Vasco, (Baß)",3,süß,ADJD,süß,7573,,
tg,kq6g.0,42486,42731,"Vasco, (Baß)",3,"!",$.,--,7573,,
tg,kq6g.0,42486,42731,"Vasco, (Baß)",3,Doch,KON,doch,7573,,
tg,kq6g.0,42486,42731,"Vasco, (Baß)",3,solltet,VVFIN,sollten,7573,,
tg,kq6g.0,42486,42731,"Vasco, (Baß)",3,Ihr,PPOSAT,ihr,7573,,
tg,kq6g.0,42486,42731,"Vasco, (Baß)",3,was,PWS,was,7573,,
tg,kq6g.0,42486,42731,"Vasco, (Baß)",3,hören,VVFIN,hören,7573,,
tg,kq6g.0,42486,42731,"Vasco, (Baß)",3,",","$,",--,7573,,
tg,kq6g.0,42486,42731,"Vasco, (Baß)",3,Seid,NE,sein,7573,,
tg,kq6g.0,42486,42731,"Vasco, (Baß)",3,unbesorgt,VVFIN,unbesorgt,7573,,
tg,kq6g.0,42486,42731,"Vasco, (Baß)",3,",","$,",--,7573,,
tg,kq6g.0,42486,42731,"Vasco, (Baß)",3,bei,APPR,bei,7573,,
tg,kq6g.0,42486,42731,"Vasco, (Baß)",3,Hirten,NN,hirten,7573,,
tg,kq6g.0,42486,42731,"Vasco, (Baß)",3,wird's,VAFIN,wird,7573,,
tg,kq6g.0,42486,42731,"Vasco, (Baß)",3,früh,ADJD,früh,7573,,
tg,kq6g.0,42486,42731,"Vasco, (Baß)",3,Tag,NN,tag,7573,,
tg,kq6g.0,42486,42731,"Vasco, (Baß)",3,.,$.,--,7573,,
tg,kq6g.0,42486,42731,"Vasco, (Baß)",3,Nun,ADV,nun,7573,,
tg,kq6g.0,42486,42731,"Vasco, (Baß)",3,schlafet,VVFIN,schlafet,7573,,
tg,kq6g.0,42486,42731,"Vasco, (Baß)",3,wohl,ADV,wohl,7573,,
tg,kq6g.0,42486,42731,"Vasco, (Baß)",3,.,$.,--,7573,,
tg,kq6g.0,42737,42770,JÄGER,18,Ich,PPER,ich,7573,,
tg,kq6g.0,42737,42770,JÄGER,18,hoffe,VVFIN,hoffen,7573,,
tg,kq6g.0,42737,42770,JÄGER,18,",","$,",--,7573,,
tg,kq6g.0,42737,42770,JÄGER,18,bis,APPR,bis,7573,,
tg,kq6g.0,42737,42770,JÄGER,18,zum,APPRART,zu,7573,,
tg,kq6g.0,42737,42770,JÄGER,18,Morgen,NN,morgen,7573,,
tg,kq6g.0,42737,42770,JÄGER,18,.,$.,--,7573,,
tg,kq6g.0,42775,43005,"Vasco, (Baß)",3,Das,ART,der,7573,,
tg,kq6g.0,42775,43005,"Vasco, (Baß)",3,könnt,VVFIN,können,7573,,
tg,kq6g.0,42775,43005,"Vasco, (Baß)",3,Ihr,PPOSAT,ihr,7573,,
tg,kq6g.0,42775,43005,"Vasco, (Baß)",3,auch,ADV,auch,7573,,
tg,kq6g.0,42775,43005,"Vasco, (Baß)",3,",","$,",--,7573,,
tg,kq6g.0,42775,43005,"Vasco, (Baß)",3,denn,KON,denn,7573,,
tg,kq6g.0,42775,43005,"Vasco, (Baß)",3,sicher,ADV,sicher,7573,,
tg,kq6g.0,42775,43005,"Vasco, (Baß)",3,seid,ADJD,sein,7573,,
tg,kq6g.0,42775,43005,"Vasco, (Baß)",3,Ihr,PPOSAT,ihr,7573,,
tg,kq6g.0,42775,43005,"Vasco, (Baß)",3,hier,ADV,hier,7573,,
tg,kq6g.0,42775,43005,"Vasco, (Baß)",3,.,$.,--,7573,,
tg,kq6g.0,43256,45183,JÄGER,18,Die,ART,der,7573,,
tg,kq6g.0,43256,45183,JÄGER,18,Nacht,NN,nacht,7573,,
tg,kq6g.0,43256,45183,JÄGER,18,ist,VAFIN,sein,7573,,
tg,kq6g.0,43256,45183,JÄGER,18,schön,ADJD,schön,7573,,
tg,kq6g.0,43256,45183,JÄGER,18,",","$,",--,7573,,
tg,kq6g.0,43256,45183,JÄGER,18,mit,APPR,mit,7573,,
tg,kq6g.0,43256,45183,JÄGER,18,Wolken,NN,wolke,7573,,
tg,kq6g.0,43256,45183,JÄGER,18,kämpfen,VVFIN,kämpfen,7573,,
tg,kq6g.0,43256,45183,JÄGER,18,Sterne,NN,stern,7573,,
tg,kq6g.0,43256,45183,JÄGER,18,Und,KON,und,7573,,
tg,kq6g.0,43256,45183,JÄGER,18,das,PDS,der,7573,,
tg,kq6g.0,43256,45183,JÄGER,18,Gebirg,NE,gebirg,7573,,
tg,kq6g.0,43256,45183,JÄGER,18,steigt,VVFIN,steigen,7573,,
tg,kq6g.0,43256,45183,JÄGER,18,auf,PTKVZ,auf,7573,,
tg,kq6g.0,43256,45183,JÄGER,18,wie,KOKOM,wie,7573,,
tg,kq6g.0,43256,45183,JÄGER,18,ein,ART,ein,7573,,
tg,kq6g.0,43256,45183,JÄGER,18,Koloß,NN,koloß,7573,,
tg,kq6g.0,43256,45183,JÄGER,18,.,$.,--,7573,,
tg,kq6g.0,43256,45183,JÄGER,18,Wer,PWS,wer,7573,,
tg,kq6g.0,43256,45183,JÄGER,18,glaubte,VVFIN,glauben,7573,,
tg,kq6g.0,43256,45183,JÄGER,18,mich,PPER,mich,7573,JÄGER,18
tg,kq6g.0,43256,45183,JÄGER,18,wohl,ADV,wohl,7573,,
tg,kq6g.0,43256,45183,JÄGER,18,hier,ADV,hier,7573,,
tg,kq6g.0,43256,45183,JÄGER,18,in,APPR,in,7573,,
tg,kq6g.0,43256,45183,JÄGER,18,wald'ger,ADJA,wald'g,7573,,
tg,kq6g.0,43256,45183,JÄGER,18,Ferne,NN,ferne,7573,,
tg,kq6g.0,43256,45183,JÄGER,18,Als,APPR,als,7573,,
tg,kq6g.0,43256,45183,JÄGER,18,Gast,NN,gast,7573,,
tg,kq6g.0,43256,45183,JÄGER,18,der,ART,der,7573,,
tg,kq6g.0,43256,45183,JÄGER,18,Hirten,NN,hirte,7573,,
tg,kq6g.0,43256,45183,JÄGER,18,",","$,",--,7573,,
tg,kq6g.0,43256,45183,JÄGER,18,weit,ADJD,weit,7573,,
tg,kq6g.0,43256,45183,JÄGER,18,von,APPR,von,7573,,
tg,kq6g.0,43256,45183,JÄGER,18,Hof,NN,hof,7573,,
tg,kq6g.0,43256,45183,JÄGER,18,und,KON,und,7573,,
tg,kq6g.0,43256,45183,JÄGER,18,Troß,NN,troß,7573,,
tg,kq6g.0,43256,45183,JÄGER,18,.,$.,--,7573,,
tg,kq6g.0,43256,45183,JÄGER,18,Ganz,ADV,ganz,7573,,
tg,kq6g.0,43256,45183,JÄGER,18,nur,ADV,nur,7573,,
tg,kq6g.0,43256,45183,JÄGER,18,ein,ART,ein,7573,,
tg,kq6g.0,43256,45183,JÄGER,18,Mensch,NN,mensch,7573,,
tg,kq6g.0,43256,45183,JÄGER,18,im,APPRART,in,7573,,
tg,kq6g.0,43256,45183,JÄGER,18,wüsten,ADJA,wüst,7573,,
tg,kq6g.0,43256,45183,JÄGER,18,Maurenschloß,NN,maurenschloß,7573,,
tg,kq6g.0,43256,45183,JÄGER,18,"!",$.,--,7573,,
tg,kq6g.0,43256,45183,JÄGER,18,Fürwahr,ADV,fürwahr,7573,,
tg,kq6g.0,43256,45183,JÄGER,18,",","$,",--,7573,,
tg,kq6g.0,43256,45183,JÄGER,18,fürwahr,ADV,fürwahr,7573,,
tg,kq6g.0,43256,45183,JÄGER,18,",","$,",--,7573,,
tg,kq6g.0,43256,45183,JÄGER,18,es,PPER,es,7573,,
tg,kq6g.0,43256,45183,JÄGER,18,ist,VAFIN,sein,7573,,
tg,kq6g.0,43256,45183,JÄGER,18,ein,ART,ein,7573,,
tg,kq6g.0,43256,45183,JÄGER,18,Abenteuer,NN,abenteuer,7573,,
tg,kq6g.0,43256,45183,JÄGER,18,",","$,",--,7573,,
tg,kq6g.0,43256,45183,JÄGER,18,Das,PDS,der,7573,,
tg,kq6g.0,43256,45183,JÄGER,18,mir,PPER,sich,7573,JÄGER,18
tg,kq6g.0,43256,45183,JÄGER,18,je,ADV,je,7573,,
tg,kq6g.0,43256,45183,JÄGER,18,mehr,ADV,mehr,7573,,
tg,kq6g.0,43256,45183,JÄGER,18,und,KON,und,7573,,
tg,kq6g.0,43256,45183,JÄGER,18,mehr,ADV,mehr,7573,,
tg,kq6g.0,43256,45183,JÄGER,18,gefällt,VVPP,fällen,7573,,
tg,kq6g.0,43256,45183,JÄGER,18,.,$.,--,7573,,
tg,kq6g.0,43256,45183,JÄGER,18,Gar,ADV,gar,7573,,
tg,kq6g.0,43256,45183,JÄGER,18,wunderbar,ADJD,wunderbar,7573,,
tg,kq6g.0,43256,45183,JÄGER,18,ist,VAFIN,sein,7573,,
tg,kq6g.0,43256,45183,JÄGER,18,dies,PDS,dieser,7573,,
tg,kq6g.0,43256,45183,JÄGER,18,Gemäuer,NN,gemäuer,7573,,
tg,kq6g.0,43256,45183,JÄGER,18,",","$,",--,7573,,
tg,kq6g.0,43256,45183,JÄGER,18,Wo,PWAV,wo,7573,,
tg,kq6g.0,43256,45183,JÄGER,18,karg,VVFIN,karg,7573,,
tg,kq6g.0,43256,45183,JÄGER,18,die,ART,der,7573,,
tg,kq6g.0,43256,45183,JÄGER,18,alte,ADJA,alt,7573,,
tg,kq6g.0,43256,45183,JÄGER,18,Pracht,NN,pracht,7573,,
tg,kq6g.0,43256,45183,JÄGER,18,noch,ADV,noch,7573,,
tg,kq6g.0,43256,45183,JÄGER,18,hält,VVFIN,halten,7573,,
tg,kq6g.0,43256,45183,JÄGER,18,.,$.,--,7573,,
tg,kq6g.0,43256,45183,JÄGER,18,Fürwahr,ADV,fürwahr,7573,,
tg,kq6g.0,43256,45183,JÄGER,18,",","$,",--,7573,,
tg,kq6g.0,43256,45183,JÄGER,18,fürwahr,ADV,fürwahr,7573,,
tg,kq6g.0,43256,45183,JÄGER,18,",","$,",--,7573,,
tg,kq6g.0,43256,45183,JÄGER,18,es,PPER,es,7573,,
tg,kq6g.0,43256,45183,JÄGER,18,ist,VAFIN,sein,7573,,
tg,kq6g.0,43256,45183,JÄGER,18,ein,ART,ein,7573,,
tg,kq6g.0,43256,45183,JÄGER,18,Abenteuer,NN,abenteuer,7573,,
tg,kq6g.0,43256,45183,JÄGER,18,",","$,",--,7573,,
tg,kq6g.0,43256,45183,JÄGER,18,Das,PDS,der,7573,,
tg,kq6g.0,43256,45183,JÄGER,18,mir,PPER,sich,7573,JÄGER,18
tg,kq6g.0,43256,45183,JÄGER,18,je,ADV,je,7573,,
tg,kq6g.0,43256,45183,JÄGER,18,mehr,ADV,mehr,7573,,
tg,kq6g.0,43256,45183,JÄGER,18,und,KON,und,7573,,
tg,kq6g.0,43256,45183,JÄGER,18,mehr,ADV,mehr,7573,,
tg,kq6g.0,43256,45183,JÄGER,18,gefällt,VVPP,fällen,7573,,
tg,kq6g.0,43256,45183,JÄGER,18,.,$.,--,7573,,
tg,kq6g.0,43256,45183,JÄGER,18,Wär's,NE,wär's,7573,,
tg,kq6g.0,43256,45183,JÄGER,18,wahr,ADJD,wahr,7573,,
tg,kq6g.0,43256,45183,JÄGER,18,",","$,",--,7573,,
tg,kq6g.0,43256,45183,JÄGER,18,wär's,VVFIN,wär,7573,,
tg,kq6g.0,43256,45183,JÄGER,18,wahr,ADJD,wahr,7573,,
tg,kq6g.0,43256,45183,JÄGER,18,",","$,",--,7573,,
tg,kq6g.0,43256,45183,JÄGER,18,daß,KOUS,daß,7573,,
tg,kq6g.0,43256,45183,JÄGER,18,einst,ADV,einst,7573,,
tg,kq6g.0,43256,45183,JÄGER,18,Abencerragen,NN,abencerrage,7573,,
tg,kq6g.0,43256,45183,JÄGER,18,Von,APPR,von,7573,,
tg,kq6g.0,43256,45183,JÄGER,18,Christenrittern,NN,christenrittern,7573,,
tg,kq6g.0,43256,45183,JÄGER,18,hier,ADV,hier,7573,,
tg,kq6g.0,43256,45183,JÄGER,18,erschlagen,VVIZU,erschlagen,7573,,
tg,kq6g.0,43256,45183,JÄGER,18,?,$.,--,7573,,
tg,kq6g.0,43256,45183,JÄGER,18,Wär's,NE,wär's,7573,,
tg,kq6g.0,43256,45183,JÄGER,18,war,VAFIN,sein,7573,,
tg,kq6g.0,43256,45183,JÄGER,18,",","$,",--,7573,,
tg,kq6g.0,43256,45183,JÄGER,18,wär's,PWAV,wär's,7573,,
tg,kq6g.0,43256,45183,JÄGER,18,wahr,ADJD,wahr,7573,,
tg,kq6g.0,43256,45183,JÄGER,18,?,$.,--,7573,,
tg,kq6g.0,43256,45183,JÄGER,18,Die,ART,der,7573,,
tg,kq6g.0,43256,45183,JÄGER,18,schwarze,ADJA,schwarz,7573,,
tg,kq6g.0,43256,45183,JÄGER,18,Wand,NN,wand,7573,,
tg,kq6g.0,43256,45183,JÄGER,18,zeugt,VVFIN,zeugen,7573,,
tg,kq6g.0,43256,45183,JÄGER,18,noch,ADV,noch,7573,,
tg,kq6g.0,43256,45183,JÄGER,18,von,APPR,von,7573,,
tg,kq6g.0,43256,45183,JÄGER,18,Feuersglut,NN,feuersglut,7573,,
tg,kq6g.0,43256,45183,JÄGER,18,",","$,",--,7573,,
tg,kq6g.0,43256,45183,JÄGER,18,Auf,APPR,auf,7573,,
tg,kq6g.0,43256,45183,JÄGER,18,diesem,PDAT,dieser,7573,,
tg,kq6g.0,43256,45183,JÄGER,18,Estrich,NN,estrich,7573,,
tg,kq6g.0,43256,45183,JÄGER,18,schwamm,ADJD,schwamm,7573,,
tg,kq6g.0,43256,45183,JÄGER,18,vielleicht,ADV,vielleicht,7573,,
tg,kq6g.0,43256,45183,JÄGER,18,ihr,PPOSAT,ihr,7573,,
tg,kq6g.0,43256,45183,JÄGER,18,Blut,NN,blut,7573,,
tg,kq6g.0,43256,45183,JÄGER,18,.,$.,--,7573,,
tg,kq6g.0,43256,45183,JÄGER,18,Wär's,NE,wär's,7573,,
tg,kq6g.0,43256,45183,JÄGER,18,wahr,ADJD,wahr,7573,,
tg,kq6g.0,43256,45183,JÄGER,18,",","$,",--,7573,,
tg,kq6g.0,43256,45183,JÄGER,18,wär's,PWAV,wär,7573,,
tg,kq6g.0,43256,45183,JÄGER,18,wahr,ADJD,wahr,7573,,
tg,kq6g.0,43256,45183,JÄGER,18,?,$.,--,7573,,
tg,kq6g.0,43256,45183,JÄGER,18,Ihr,PPOSAT,ihr,7573,,
tg,kq6g.0,43256,45183,JÄGER,18,Schatten,NN,schatten,7573,,
tg,kq6g.0,43256,45183,JÄGER,18,",","$,",--,7573,,
tg,kq6g.0,43256,45183,JÄGER,18,steigt,VVFIN,steigen,7573,,
tg,kq6g.0,43256,45183,JÄGER,18,mir,PPER,sich,7573,JÄGER,18
tg,kq6g.0,43256,45183,JÄGER,18,nicht,PTKNEG,nicht,7573,,
tg,kq6g.0,43256,45183,JÄGER,18,empor,ADJD,empor,7573,,
tg,kq6g.0,43256,45183,JÄGER,18,",","$,",--,7573,,
tg,kq6g.0,43256,45183,JÄGER,18,Und,KON,und,7573,,
tg,kq6g.0,43256,45183,JÄGER,18,wenn's,FM,wenn's,7573,,
tg,kq6g.0,43256,45183,JÄGER,18,geschäh,FM,geschäh,7573,,
tg,kq6g.0,43256,45183,JÄGER,18,',$[,--,7573,,
tg,kq6g.0,43256,45183,JÄGER,18,",","$,",--,7573,,
tg,kq6g.0,43256,45183,JÄGER,18,und,KON,und,7573,,
tg,kq6g.0,43256,45183,JÄGER,18,wenn's,VVFIN,wenn's,7573,,
tg,kq6g.0,43256,45183,JÄGER,18,geschäh,ADJD,geschäh,7573,,
tg,kq6g.0,43256,45183,JÄGER,18,',$[,--,7573,,
tg,kq6g.0,43256,45183,JÄGER,18,",","$,",--,7573,,
tg,kq6g.0,43256,45183,JÄGER,18,Ich,PPER,ich,7573,,
tg,kq6g.0,43256,45183,JÄGER,18,zittre,VVFIN,zittren,7573,,
tg,kq6g.0,43256,45183,JÄGER,18,nicht,PTKNEG,nicht,7573,,
tg,kq6g.0,43256,45183,JÄGER,18,",","$,",--,7573,,
tg,kq6g.0,43256,45183,JÄGER,18,ich,PPER,ich,7573,JÄGER,18
tg,kq6g.0,43256,45183,JÄGER,18,zittre,VVFIN,zittren,7573,,
tg,kq6g.0,43256,45183,JÄGER,18,nicht,PTKNEG,nicht,7573,,
tg,kq6g.0,43256,45183,JÄGER,18,"!",$.,--,7573,,
tg,kq6g.0,43256,45183,JÄGER,18,Die,ART,der,7573,,
tg,kq6g.0,43256,45183,JÄGER,18,Hand,NN,hand,7573,,
tg,kq6g.0,43256,45183,JÄGER,18,ist,VAFIN,sein,7573,,
tg,kq6g.0,43256,45183,JÄGER,18,rein,ADV,rein,7573,,
tg,kq6g.0,43256,45183,JÄGER,18,",","$,",--,7573,,
tg,kq6g.0,43256,45183,JÄGER,18,die,ART,der,7573,,
tg,kq6g.0,43256,45183,JÄGER,18,Hand,NN,hand,7573,,
tg,kq6g.0,43256,45183,JÄGER,18,ist,VAFIN,sein,7573,,
tg,kq6g.0,43256,45183,JÄGER,18,rein,ADV,rein,7573,,
tg,kq6g.0,43256,45183,JÄGER,18,",","$,",--,7573,,
tg,kq6g.0,43256,45183,JÄGER,18,Und,KON,und,7573,,
tg,kq6g.0,43256,45183,JÄGER,18,nur,ADV,nur,7573,,
tg,kq6g.0,43256,45183,JÄGER,18,ein,ART,ein,7573,,
tg,kq6g.0,43256,45183,JÄGER,18,Thor,NN,thor,7573,,
tg,kq6g.0,43256,45183,JÄGER,18,erbebt,VVFIN,erbeben,7573,,
tg,kq6g.0,43256,45183,JÄGER,18,vor,APPR,vor,7573,,
tg,kq6g.0,43256,45183,JÄGER,18,einem,ART,ein,7573,,
tg,kq6g.0,43256,45183,JÄGER,18,Traumgesicht,NN,traumgesicht,7573,,
tg,kq6g.0,43256,45183,JÄGER,18,.,$.,--,7573,,
tg,kq6g.0,43256,45183,JÄGER,18,–,XY,–,7573,,
tg,kq6g.0,43256,45183,JÄGER,18,Es,PPER,es,7573,,
tg,kq6g.0,43256,45183,JÄGER,18,rauscht,VVFIN,rauschen,7573,,
tg,kq6g.0,43256,45183,JÄGER,18,der,ART,der,7573,,
tg,kq6g.0,43256,45183,JÄGER,18,Strom,NN,strom,7573,,
tg,kq6g.0,43256,45183,JÄGER,18,der,ART,der,7573,,
tg,kq6g.0,43256,45183,JÄGER,18,Zeit,NN,zeit,7573,,
tg,kq6g.0,43256,45183,JÄGER,18,Hin,ADV,hin,7573,,
tg,kq6g.0,43256,45183,JÄGER,18,in,APPR,in,7573,,
tg,kq6g.0,43256,45183,JÄGER,18,die,ART,der,7573,,
tg,kq6g.0,43256,45183,JÄGER,18,Ewigkeit,NN,ewigkeit,7573,,
tg,kq6g.0,43256,45183,JÄGER,18,.,$.,--,7573,,
tg,kq6g.0,43256,45183,JÄGER,18,Die,ART,der,7573,,
tg,kq6g.0,43256,45183,JÄGER,18,Macht,NN,macht,7573,,
tg,kq6g.0,43256,45183,JÄGER,18,",","$,",--,7573,,
tg,kq6g.0,43256,45183,JÄGER,18,der,ART,der,7573,,
tg,kq6g.0,43256,45183,JÄGER,18,Glanz,NN,glanz,7573,,
tg,kq6g.0,43256,45183,JÄGER,18,vergeht,VVFIN,vergehen,7573,,
tg,kq6g.0,43256,45183,JÄGER,18,",","$,",--,7573,,
tg,kq6g.0,43256,45183,JÄGER,18,Nur,ADV,nur,7573,,
tg,kq6g.0,43256,45183,JÄGER,18,eins,CARD,eins,7573,,
tg,kq6g.0,43256,45183,JÄGER,18,",","$,",--,7573,,
tg,kq6g.0,43256,45183,JÄGER,18,nur,ADV,nur,7573,,
tg,kq6g.0,43256,45183,JÄGER,18,eins,CARD,eins,7573,,
tg,kq6g.0,43256,45183,JÄGER,18,besteht,VVFIN,bestehen,7573,,
tg,kq6g.0,43256,45183,JÄGER,18,",","$,",--,7573,,
tg,kq6g.0,43256,45183,JÄGER,18,Nur,ADV,nur,7573,,
tg,kq6g.0,43256,45183,JÄGER,18,eins,CARD,eins,7573,,
tg,kq6g.0,43256,45183,JÄGER,18,",","$,",--,7573,,
tg,kq6g.0,43256,45183,JÄGER,18,nur,ADV,nur,7573,,
tg,kq6g.0,43256,45183,JÄGER,18,eins,CARD,eins,7573,,
tg,kq6g.0,43256,45183,JÄGER,18,.,$.,--,7573,,
tg,kq6g.0,43256,45183,JÄGER,18,Es,PPER,es,7573,,
tg,kq6g.0,43256,45183,JÄGER,18,zieht,VVFIN,ziehen,7573,,
tg,kq6g.0,43256,45183,JÄGER,18,aus,APPR,aus,7573,,
tg,kq6g.0,43256,45183,JÄGER,18,jener,PDAT,jener,7573,,
tg,kq6g.0,43256,45183,JÄGER,18,Welt,NN,welt,7573,,
tg,kq6g.0,43256,45183,JÄGER,18,Vom,APPRART,von,7573,,
tg,kq6g.0,43256,45183,JÄGER,18,goldnen,ADJA,goldn,7573,,
tg,kq6g.0,43256,45183,JÄGER,18,heitern,FM,heitern,7573,,
tg,kq6g.0,43256,45183,JÄGER,18,Sternenzelt,FM,sternenzelt,7573,,
tg,kq6g.0,43256,45183,JÄGER,18,Die,ART,der,7573,,
tg,kq6g.0,43256,45183,JÄGER,18,Ruh,NN,ruh,7573,,
tg,kq6g.0,43256,45183,JÄGER,18,',$[,--,7573,,
tg,kq6g.0,43256,45183,JÄGER,18,im,APPRART,in,7573,,
tg,kq6g.0,43256,45183,JÄGER,18,Busen,NN,busen,7573,,
tg,kq6g.0,43256,45183,JÄGER,18,ein,PTKVZ,ein,7573,,
tg,kq6g.0,43256,45183,JÄGER,18,",","$,",--,7573,,
tg,kq6g.0,43256,45183,JÄGER,18,Von,APPR,von,7573,,
tg,kq6g.0,43256,45183,JÄGER,18,Schuld,NN,schuld,7573,,
tg,kq6g.0,43256,45183,JÄGER,18,und,KON,und,7573,,
tg,kq6g.0,43256,45183,JÄGER,18,Vorwurf,NN,vorwurf,7573,,
tg,kq6g.0,43256,45183,JÄGER,18,rein,PTKVZ,rein,7573,,
tg,kq6g.0,43256,45183,JÄGER,18,.,$.,--,7573,,
tg,kq6g.0,43256,45183,JÄGER,18,Doch,KON,doch,7573,,
tg,kq6g.0,43256,45183,JÄGER,18,nun,ADV,nun,7573,,
tg,kq6g.0,43256,45183,JÄGER,18,zu,APPR,zu,7573,,
tg,kq6g.0,43256,45183,JÄGER,18,Bett,NN,bett,7573,,
tg,kq6g.0,43256,45183,JÄGER,18,"!",$.,--,7573,,
tg,kq6g.0,43256,45183,JÄGER,18,–,XY,–,7573,,
tg,kq6g.0,43256,45183,JÄGER,18,Ich,PPER,ich,7573,,
tg,kq6g.0,43256,45183,JÄGER,18,weiß,VVFIN,weiß,7573,,
tg,kq6g.0,43256,45183,JÄGER,18,nicht,PTKNEG,nicht,7573,,
tg,kq6g.0,43256,45183,JÄGER,18,",","$,",--,7573,,
tg,kq6g.0,43256,45183,JÄGER,18,wie,PWAV,wie,7573,,
tg,kq6g.0,43256,45183,JÄGER,18,mir,PPER,sich,7573,JÄGER,18
tg,kq6g.0,43256,45183,JÄGER,18,ist,VAFIN,sein,7573,,
tg,kq6g.0,43256,45183,JÄGER,18,"!",$.,--,7573,,
tg,kq6g.0,43256,45183,JÄGER,18,Ich,PPER,ich,7573,,
tg,kq6g.0,43256,45183,JÄGER,18,bin,VAFIN,sein,7573,,
tg,kq6g.0,43256,45183,JÄGER,18,recht,ADV,recht,7573,,
tg,kq6g.0,43256,45183,JÄGER,18,müd,ADJD,müd,7573,,
tg,kq6g.0,43256,45183,JÄGER,18,und,KON,und,7573,,
tg,kq6g.0,43256,45183,JÄGER,18,doch,ADV,doch,7573,,
tg,kq6g.0,43256,45183,JÄGER,18,auch,ADV,auch,7573,,
tg,kq6g.0,43256,45183,JÄGER,18,so,ADV,so,7573,,
tg,kq6g.0,43256,45183,JÄGER,18,befangen,VVINF,befangen,7573,,
tg,kq6g.0,43256,45183,JÄGER,18,"!",$.,--,7573,,
tg,kq6g.0,43256,45183,JÄGER,18,Wär's,NE,wär's,7573,,
tg,kq6g.0,43256,45183,JÄGER,18,wohl,ADV,wohl,7573,,
tg,kq6g.0,43256,45183,JÄGER,18,ihr,PPOSAT,ihr,7573,,
tg,kq6g.0,43256,45183,JÄGER,18,Blick,NN,blick,7573,,
tg,kq6g.0,43256,45183,JÄGER,18,",","$,",--,7573,,
tg,kq6g.0,43256,45183,JÄGER,18,die,ART,der,7573,,
tg,kq6g.0,43256,45183,JÄGER,18,zarten,ADJA,zart,7573,,
tg,kq6g.0,43256,45183,JÄGER,18,Rosenwangen,NN,rosenwangen,7573,,
tg,kq6g.0,43256,45183,JÄGER,18,?,$.,--,7573,,
tg,kq6g.0,43256,45183,JÄGER,18,Ich,PPER,ich,7573,,
tg,kq6g.0,43256,45183,JÄGER,18,hab,VAFIN,hab,7573,,
tg,kq6g.0,43256,45183,JÄGER,18,',$[,--,7573,,
tg,kq6g.0,43256,45183,JÄGER,18,sie,PPER,sie,7573,,
tg,kq6g.0,43256,45183,JÄGER,18,doch,ADV,doch,7573,,
tg,kq6g.0,43256,45183,JÄGER,18,nur,ADV,nur,7573,,
tg,kq6g.0,43256,45183,JÄGER,18,auf,APPR,auf,7573,,
tg,kq6g.0,43256,45183,JÄGER,18,die,ART,der,7573,,
tg,kq6g.0,43256,45183,JÄGER,18,Stirne,NN,stirne,7573,,
tg,kq6g.0,43256,45183,JÄGER,18,geküßt,VVFIN,küßen,7573,,
tg,kq6g.0,43256,45183,JÄGER,18,.,$.,--,7573,,
tg,kq6g.0,43256,45183,JÄGER,18,Erschien,NE,erschien,7573,,
tg,kq6g.0,43256,45183,JÄGER,18,mir,PPER,sich,7573,JÄGER,18
tg,kq6g.0,43256,45183,JÄGER,18,nun,ADV,nun,7573,,
tg,kq6g.0,43256,45183,JÄGER,18,ihr,PPOSAT,ihr,7573,,
tg,kq6g.0,43256,45183,JÄGER,18,holdes,ADJA,hold,7573,,
tg,kq6g.0,43256,45183,JÄGER,18,Bild,NN,bild,7573,,
tg,kq6g.0,43256,45183,JÄGER,18,im,APPRART,in,7573,,
tg,kq6g.0,43256,45183,JÄGER,18,Traum,NN,traum,7573,,
tg,kq6g.0,43256,45183,JÄGER,18,",","$,",--,7573,,
tg,kq6g.0,43256,45183,JÄGER,18,Dann,ADV,dann,7573,,
tg,kq6g.0,43256,45183,JÄGER,18,möcht,VVFIN,möchen,7573,,
tg,kq6g.0,43256,45183,JÄGER,18,',$[,--,7573,,
tg,kq6g.0,43256,45183,JÄGER,18,er,PPER,er,7573,,
tg,kq6g.0,43256,45183,JÄGER,18,lange,ADV,lange,7573,,
tg,kq6g.0,43256,45183,JÄGER,18,",","$,",--,7573,,
tg,kq6g.0,43256,45183,JÄGER,18,lange,ADV,lange,7573,,
tg,kq6g.0,43256,45183,JÄGER,18,nicht,PTKNEG,nicht,7573,,
tg,kq6g.0,43256,45183,JÄGER,18,entschwinden,VVINF,entschwinden,7573,,
tg,kq6g.0,43256,45183,JÄGER,18,;,$.,--,7573,,
tg,kq6g.0,43256,45183,JÄGER,18,Denn,KON,denn,7573,,
tg,kq6g.0,43256,45183,JÄGER,18,schöner,ADJD,schön,7573,,
tg,kq6g.0,43256,45183,JÄGER,18,träumen,VVINF,träumen,7573,,
tg,kq6g.0,43256,45183,JÄGER,18,läßt,VVFIN,lassen,7573,,
tg,kq6g.0,43256,45183,JÄGER,18,sich's,FM,sich's,7573,,
tg,kq6g.0,43256,45183,JÄGER,18,wahrlich,ADV,wahrlich,7573,,
tg,kq6g.0,43256,45183,JÄGER,18,nicht,PTKNEG,nicht,7573,,
tg,kq6g.0,43256,45183,JÄGER,18,.,$.,--,7573,,
tg,kq6g.0,43256,45183,JÄGER,18,Schlaf,NN,schlaf,7573,,
tg,kq6g.0,43256,45183,JÄGER,18,',$[,--,7573,,
tg,kq6g.0,43256,45183,JÄGER,18,wohl,ADV,wohl,7573,,
tg,kq6g.0,43256,45183,JÄGER,18,",","$,",--,7573,,
tg,kq6g.0,43256,45183,JÄGER,18,mein,PPOSAT,mein,7573,JÄGER,18
tg,kq6g.0,43256,45183,JÄGER,18,Kind,NN,kind,7573,,
tg,kq6g.0,43256,45183,JÄGER,18,"!",$.,--,7573,,
tg,kq6g.0,43256,45183,JÄGER,18,Mein,PPOSAT,mein,7573,,
tg,kq6g.0,43256,45183,JÄGER,18,süßes,ADJA,süß,7573,,
tg,kq6g.0,43256,45183,JÄGER,18,Kind,NN,kind,7573,,
tg,kq6g.0,43256,45183,JÄGER,18,"!",$.,--,7573,,
tg,kq6g.0,43256,45183,JÄGER,18,Schlaf,NN,schlaf,7573,,
tg,kq6g.0,43256,45183,JÄGER,18,',$[,--,7573,,
tg,kq6g.0,43256,45183,JÄGER,18,wohl,ADV,wohl,7573,,
tg,kq6g.0,43256,45183,JÄGER,18,",","$,",--,7573,,
tg,kq6g.0,43256,45183,JÄGER,18,mein,PPOSAT,mein,7573,JÄGER,18
tg,kq6g.0,43256,45183,JÄGER,18,Kind,NN,kind,7573,,
tg,kq6g.0,43256,45183,JÄGER,18,",","$,",--,7573,,
tg,kq6g.0,43256,45183,JÄGER,18,schlaf,VVFIN,schlaf,7573,,
tg,kq6g.0,43256,45183,JÄGER,18,',$[,--,7573,,
tg,kq6g.0,43256,45183,JÄGER,18,wohl,ADV,wohl,7573,,
tg,kq6g.0,43256,45183,JÄGER,18,"!",$.,--,7573,,
tg,kq6g.0,45342,45893,"Gabriele, seine Nichte, (Sopran)",2,Leise,ADJD,leise,7573,,
tg,kq6g.0,45342,45893,"Gabriele, seine Nichte, (Sopran)",2,wehet,VVFIN,wehet,7573,,
tg,kq6g.0,45342,45893,"Gabriele, seine Nichte, (Sopran)",2,",","$,",--,7573,,
tg,kq6g.0,45342,45893,"Gabriele, seine Nichte, (Sopran)",2,leise,ADJD,leise,7573,,
tg,kq6g.0,45342,45893,"Gabriele, seine Nichte, (Sopran)",2,wallet,VVFIN,wallet,7573,,
tg,kq6g.0,45342,45893,"Gabriele, seine Nichte, (Sopran)",2,Rings,NN,ring,7573,,
tg,kq6g.0,45342,45893,"Gabriele, seine Nichte, (Sopran)",2,der,ART,der,7573,,
tg,kq6g.0,45342,45893,"Gabriele, seine Nichte, (Sopran)",2,Thau,NN,thau,7573,,
tg,kq6g.0,45342,45893,"Gabriele, seine Nichte, (Sopran)",2,;,$.,--,7573,,
tg,kq6g.0,45342,45893,"Gabriele, seine Nichte, (Sopran)",2,der,ART,der,7573,,
tg,kq6g.0,45342,45893,"Gabriele, seine Nichte, (Sopran)",2,Mond,NN,mond,7573,,
tg,kq6g.0,45342,45893,"Gabriele, seine Nichte, (Sopran)",2,erbleicht,VVFIN,erbleichen,7573,,
tg,kq6g.0,45342,45893,"Gabriele, seine Nichte, (Sopran)",2,;,$.,--,7573,,
tg,kq6g.0,45342,45893,"Gabriele, seine Nichte, (Sopran)",2,Sanft,NN,sanft,7573,,
tg,kq6g.0,45342,45893,"Gabriele, seine Nichte, (Sopran)",2,Alkanzors,NE,alkanzor,7573,,
tg,kq6g.0,45342,45893,"Gabriele, seine Nichte, (Sopran)",2,Lied,NN,lied,7573,,
tg,kq6g.0,45342,45893,"Gabriele, seine Nichte, (Sopran)",2,erschallet,VVPP,erschallet,7573,,
tg,kq6g.0,45342,45893,"Gabriele, seine Nichte, (Sopran)",2,",","$,",--,7573,,
tg,kq6g.0,45342,45893,"Gabriele, seine Nichte, (Sopran)",2,Wenn,KOUS,wenn,7573,,
tg,kq6g.0,45342,45893,"Gabriele, seine Nichte, (Sopran)",2,er,PPER,er,7573,,
tg,kq6g.0,45342,45893,"Gabriele, seine Nichte, (Sopran)",2,zu,APPR,zu,7573,,
tg,kq6g.0,45342,45893,"Gabriele, seine Nichte, (Sopran)",2,dem,ART,der,7573,,
tg,kq6g.0,45342,45893,"Gabriele, seine Nichte, (Sopran)",2,Liebchen,NN,liebchen,7573,,
tg,kq6g.0,45342,45893,"Gabriele, seine Nichte, (Sopran)",2,schleicht,VVFIN,schleichen,7573,,
tg,kq6g.0,45342,45893,"Gabriele, seine Nichte, (Sopran)",2,.,$.,--,7573,,
tg,kq6g.0,45342,45893,"Gabriele, seine Nichte, (Sopran)",2,Und,KON,und,7573,,
tg,kq6g.0,45342,45893,"Gabriele, seine Nichte, (Sopran)",2,sie,PPER,sie,7573,,
tg,kq6g.0,45342,45893,"Gabriele, seine Nichte, (Sopran)",2,lauscht,VVFIN,lauschen,7573,,
tg,kq6g.0,45342,45893,"Gabriele, seine Nichte, (Sopran)",2,mit,APPR,mit,7573,,
tg,kq6g.0,45342,45893,"Gabriele, seine Nichte, (Sopran)",2,bangem,ADJA,bang,7573,,
tg,kq6g.0,45342,45893,"Gabriele, seine Nichte, (Sopran)",2,Sehnen,NN,sehn,7573,,
tg,kq6g.0,45342,45893,"Gabriele, seine Nichte, (Sopran)",2,Auf,APPR,auf,7573,,
tg,kq6g.0,45342,45893,"Gabriele, seine Nichte, (Sopran)",2,des,ART,der,7573,,
tg,kq6g.0,45342,45893,"Gabriele, seine Nichte, (Sopran)",2,Mohren,NN,mohr,7573,,
tg,kq6g.0,45342,45893,"Gabriele, seine Nichte, (Sopran)",2,Liebeslaut,VVPP,liebeslaut,7573,,
tg,kq6g.0,45342,45893,"Gabriele, seine Nichte, (Sopran)",2,;,$.,--,7573,,
tg,kq6g.0,45342,45893,"Gabriele, seine Nichte, (Sopran)",2,Es,PPER,es,7573,,
tg,kq6g.0,45342,45893,"Gabriele, seine Nichte, (Sopran)",2,versiegen,VVFIN,versiegen,7573,,
tg,kq6g.0,45342,45893,"Gabriele, seine Nichte, (Sopran)",2,ihre,PPOSAT,ihr,7573,,
tg,kq6g.0,45342,45893,"Gabriele, seine Nichte, (Sopran)",2,Thränen,NN,thräne,7573,,
tg,kq6g.0,45342,45893,"Gabriele, seine Nichte, (Sopran)",2,",","$,",--,7573,,
tg,kq6g.0,45342,45893,"Gabriele, seine Nichte, (Sopran)",2,Wenn,KOUS,wenn,7573,,
tg,kq6g.0,45342,45893,"Gabriele, seine Nichte, (Sopran)",2,sie,PPER,sie,7573,,
tg,kq6g.0,45342,45893,"Gabriele, seine Nichte, (Sopran)",2,den,ART,der,7573,,
tg,kq6g.0,45342,45893,"Gabriele, seine Nichte, (Sopran)",2,Geliebten,NN,geliebter,7573,,
tg,kq6g.0,45342,45893,"Gabriele, seine Nichte, (Sopran)",2,schaut,VVFIN,schauen,7573,,
tg,kq6g.0,45342,45893,"Gabriele, seine Nichte, (Sopran)",2,.,$.,--,7573,,
tg,kq6g.0,45342,45893,"Gabriele, seine Nichte, (Sopran)",2,Doch,KON,doch,7573,,
tg,kq6g.0,45342,45893,"Gabriele, seine Nichte, (Sopran)",2,bevor,KOUS,bevor,7573,,
tg,kq6g.0,45342,45893,"Gabriele, seine Nichte, (Sopran)",2,die,ART,der,7573,,
tg,kq6g.0,45342,45893,"Gabriele, seine Nichte, (Sopran)",2,Nacht,NN,nacht,7573,,
tg,kq6g.0,45342,45893,"Gabriele, seine Nichte, (Sopran)",2,",","$,",--,7573,,
tg,kq6g.0,45342,45893,"Gabriele, seine Nichte, (Sopran)",2,die,ART,der,7573,,
tg,kq6g.0,45342,45893,"Gabriele, seine Nichte, (Sopran)",2,Nacht,NN,nacht,7573,,
tg,kq6g.0,45342,45893,"Gabriele, seine Nichte, (Sopran)",2,entweichet,VVPP,entweichen,7573,,
tg,kq6g.0,45342,45893,"Gabriele, seine Nichte, (Sopran)",2,",","$,",--,7573,,
tg,kq6g.0,45342,45893,"Gabriele, seine Nichte, (Sopran)",2,Flieht,VVFIN,fliehen,7573,,
tg,kq6g.0,45342,45893,"Gabriele, seine Nichte, (Sopran)",2,er,PPER,er,7573,,
tg,kq6g.0,45342,45893,"Gabriele, seine Nichte, (Sopran)",2,von,APPR,von,7573,,
tg,kq6g.0,45342,45893,"Gabriele, seine Nichte, (Sopran)",2,des,ART,der,7573,,
tg,kq6g.0,45342,45893,"Gabriele, seine Nichte, (Sopran)",2,Liebchens,NN,liebchen,7573,,
tg,kq6g.0,45342,45893,"Gabriele, seine Nichte, (Sopran)",2,Schloß,NN,schloß,7573,,
tg,kq6g.0,45342,45893,"Gabriele, seine Nichte, (Sopran)",2,;,$.,--,7573,,
tg,kq6g.0,45342,45893,"Gabriele, seine Nichte, (Sopran)",2,Durch,APPR,durch,7573,,
tg,kq6g.0,45342,45893,"Gabriele, seine Nichte, (Sopran)",2,die,ART,der,7573,,
tg,kq6g.0,45342,45893,"Gabriele, seine Nichte, (Sopran)",2,Morgennebel,NN,morgennebel,7573,,
tg,kq6g.0,45342,45893,"Gabriele, seine Nichte, (Sopran)",2,schweifet,VVFIN,schweifen,7573,,
tg,kq6g.0,45342,45893,"Gabriele, seine Nichte, (Sopran)",2,Brausend,ADJD,brausend,7573,,
tg,kq6g.0,45342,45893,"Gabriele, seine Nichte, (Sopran)",2,sein,VAINF,sein,7573,,
tg,kq6g.0,45342,45893,"Gabriele, seine Nichte, (Sopran)",2,Araberroß,VVINF,araberroß,7573,,
tg,kq6g.0,45342,45893,"Gabriele, seine Nichte, (Sopran)",2,.,$.,--,7573,,
tg,kq6g.0,45342,45893,"Gabriele, seine Nichte, (Sopran)",2,Neu,ADJD,neu,7573,,
tg,kq6g.0,45342,45893,"Gabriele, seine Nichte, (Sopran)",2,entfließen,VVFIN,entfließen,7573,,
tg,kq6g.0,45342,45893,"Gabriele, seine Nichte, (Sopran)",2,ihre,PPOSAT,ihr,7573,,
tg,kq6g.0,45342,45893,"Gabriele, seine Nichte, (Sopran)",2,Thränen,NN,thräne,7573,,
tg,kq6g.0,45342,45893,"Gabriele, seine Nichte, (Sopran)",2,",","$,",--,7573,,
tg,kq6g.0,45342,45893,"Gabriele, seine Nichte, (Sopran)",2,Wenn,KOUS,wenn,7573,,
tg,kq6g.0,45342,45893,"Gabriele, seine Nichte, (Sopran)",2,der,ART,der,7573,,
tg,kq6g.0,45342,45893,"Gabriele, seine Nichte, (Sopran)",2,goldne,ADJA,goldn,7573,,
tg,kq6g.0,45342,45893,"Gabriele, seine Nichte, (Sopran)",2,Tag,NN,tag,7573,,
tg,kq6g.0,45342,45893,"Gabriele, seine Nichte, (Sopran)",2,erwacht,VVFIN,erwachen,7573,,
tg,kq6g.0,45342,45893,"Gabriele, seine Nichte, (Sopran)",2,",","$,",--,7573,,
tg,kq6g.0,45342,45893,"Gabriele, seine Nichte, (Sopran)",2,Und,KON,und,7573,,
tg,kq6g.0,45342,45893,"Gabriele, seine Nichte, (Sopran)",2,sie,PPER,sie,7573,,
tg,kq6g.0,45342,45893,"Gabriele, seine Nichte, (Sopran)",2,harrt,VVFIN,harren,7573,,
tg,kq6g.0,45342,45893,"Gabriele, seine Nichte, (Sopran)",2,mit,APPR,mit,7573,,
tg,kq6g.0,45342,45893,"Gabriele, seine Nichte, (Sopran)",2,bangem,ADJA,bang,7573,,
tg,kq6g.0,45342,45893,"Gabriele, seine Nichte, (Sopran)",2,Sehnen,NN,sehnen,7573,,
tg,kq6g.0,45342,45893,"Gabriele, seine Nichte, (Sopran)",2,Auf,APPR,auf,7573,,
tg,kq6g.0,45342,45893,"Gabriele, seine Nichte, (Sopran)",2,die,ART,der,7573,,
tg,kq6g.0,45342,45893,"Gabriele, seine Nichte, (Sopran)",2,stille,ADJA,still,7573,,
tg,kq6g.0,45342,45893,"Gabriele, seine Nichte, (Sopran)",2,Mitternacht,NN,mitternacht,7573,,
tg,kq6g.0,45342,45893,"Gabriele, seine Nichte, (Sopran)",2,.,$.,--,7573,,
tg,kq6g.0,45899,46146,"Gabriele, seine Nichte, (Sopran)",2,Wacht,NN,wacht,7573,,
tg,kq6g.0,45899,46146,"Gabriele, seine Nichte, (Sopran)",2,auf,PTKVZ,auf,7573,,
tg,kq6g.0,45899,46146,"Gabriele, seine Nichte, (Sopran)",2,",","$,",--,7573,,
tg,kq6g.0,45899,46146,"Gabriele, seine Nichte, (Sopran)",2,o,ADV,O,7573,,
tg,kq6g.0,45899,46146,"Gabriele, seine Nichte, (Sopran)",2,Herr,NN,herr,7573,,
tg,kq6g.0,45899,46146,"Gabriele, seine Nichte, (Sopran)",2,",","$,",--,7573,,
tg,kq6g.0,45899,46146,"Gabriele, seine Nichte, (Sopran)",2,wacht,VVFIN,wachen,7573,,
tg,kq6g.0,45899,46146,"Gabriele, seine Nichte, (Sopran)",2,auf,APPR,auf,7573,,
tg,kq6g.0,45899,46146,"Gabriele, seine Nichte, (Sopran)",2,"!",$.,--,7573,,
tg,kq6g.0,45899,46146,"Gabriele, seine Nichte, (Sopran)",2,Befreien,NN,befreien,7573,,
tg,kq6g.0,45899,46146,"Gabriele, seine Nichte, (Sopran)",2,muß,VMFIN,müssen,7573,,
tg,kq6g.0,45899,46146,"Gabriele, seine Nichte, (Sopran)",2,Ich,PPER,ich,7573,,
tg,kq6g.0,45899,46146,"Gabriele, seine Nichte, (Sopran)",2,Euch,PPER,euch,7573,,
tg,kq6g.0,45899,46146,"Gabriele, seine Nichte, (Sopran)",2,"!",$.,--,7573,,
tg,kq6g.0,45899,46146,"Gabriele, seine Nichte, (Sopran)",2,Ist,VAFIN,sein,7573,,
tg,kq6g.0,45899,46146,"Gabriele, seine Nichte, (Sopran)",2,er,PPER,er,7573,,
tg,kq6g.0,45899,46146,"Gabriele, seine Nichte, (Sopran)",2,denn,ADV,denn,7573,,
tg,kq6g.0,45899,46146,"Gabriele, seine Nichte, (Sopran)",2,noch,ADV,noch,7573,,
tg,kq6g.0,45899,46146,"Gabriele, seine Nichte, (Sopran)",2,nicht,PTKNEG,nicht,7573,,
tg,kq6g.0,45899,46146,"Gabriele, seine Nichte, (Sopran)",2,wach,ADJD,wach,7573,,
tg,kq6g.0,45899,46146,"Gabriele, seine Nichte, (Sopran)",2,?,$.,--,7573,,
tg,kq6g.0,45899,46146,"Gabriele, seine Nichte, (Sopran)",2,Er,PPER,er,7573,,
tg,kq6g.0,45899,46146,"Gabriele, seine Nichte, (Sopran)",2,hört,VVFIN,hören,7573,,
tg,kq6g.0,45899,46146,"Gabriele, seine Nichte, (Sopran)",2,Mich,PPER,mich,7573,,
tg,kq6g.0,45899,46146,"Gabriele, seine Nichte, (Sopran)",2,nicht,PTKNEG,nicht,7573,,
tg,kq6g.0,45899,46146,"Gabriele, seine Nichte, (Sopran)",2,"!",$.,--,7573,,
tg,kq6g.0,45899,46146,"Gabriele, seine Nichte, (Sopran)",2,Dieser,PDAT,dieser,7573,,
tg,kq6g.0,45899,46146,"Gabriele, seine Nichte, (Sopran)",2,Mauerstein,NN,mauerstein,7573,,
tg,kq6g.0,45899,46146,"Gabriele, seine Nichte, (Sopran)",2,erwecket,VVFIN,erwecken,7573,,
tg,kq6g.0,45899,46146,"Gabriele, seine Nichte, (Sopran)",2,ihn,PPER,ihn,7573,,
tg,kq6g.0,45899,46146,"Gabriele, seine Nichte, (Sopran)",2,.,$.,--,7573,,
tg,kq6g.0,46153,46250,JÄGER,18,Was,PWS,was,7573,,
tg,kq6g.0,46153,46250,JÄGER,18,giebt's,VVFIN,giebt,7573,,
tg,kq6g.0,46153,46250,JÄGER,18,?,$.,--,7573,,
tg,kq6g.0,46153,46250,JÄGER,18,Wie,PWAV,wie,7573,,
tg,kq6g.0,46153,46250,JÄGER,18,",","$,",--,7573,,
tg,kq6g.0,46153,46250,JÄGER,18,seh,VVFIN,seh,7573,,
tg,kq6g.0,46153,46250,JÄGER,18,',$[,--,7573,,
tg,kq6g.0,46153,46250,JÄGER,18,ich,PPER,ich,7573,JÄGER,18
tg,kq6g.0,46153,46250,JÄGER,18,recht,ADV,recht,7573,,
tg,kq6g.0,46153,46250,JÄGER,18,",","$,",--,7573,,
tg,kq6g.0,46153,46250,JÄGER,18,du,PPER,du,7573,,
tg,kq6g.0,46153,46250,JÄGER,18,kommst,VVFIN,kommst,7573,,
tg,kq6g.0,46153,46250,JÄGER,18,zu,APPR,zu,7573,,
tg,kq6g.0,46153,46250,JÄGER,18,mir,PPER,sich,7573,JÄGER,18
tg,kq6g.0,46153,46250,JÄGER,18,?,$.,--,7573,,
tg,kq6g.0,46255,46307,"Gabriele, seine Nichte, (Sopran)",2,Euch,PPER,euch,7573,,
tg,kq6g.0,46255,46307,"Gabriele, seine Nichte, (Sopran)",2,droht,VVFIN,drohen,7573,,
tg,kq6g.0,46255,46307,"Gabriele, seine Nichte, (Sopran)",2,der,ART,der,7573,,
tg,kq6g.0,46255,46307,"Gabriele, seine Nichte, (Sopran)",2,Tod,NN,tod,7573,,
tg,kq6g.0,46255,46307,"Gabriele, seine Nichte, (Sopran)",2,von,APPR,von,7573,,
tg,kq6g.0,46255,46307,"Gabriele, seine Nichte, (Sopran)",2,dieser,PDAT,dieser,7573,,
tg,kq6g.0,46255,46307,"Gabriele, seine Nichte, (Sopran)",2,Hirten,NN,hirt,7573,,
tg,kq6g.0,46255,46307,"Gabriele, seine Nichte, (Sopran)",2,Hand,NN,hand,7573,,
tg,kq6g.0,46255,46307,"Gabriele, seine Nichte, (Sopran)",2,"!",$.,--,7573,,
tg,kq6g.0,46312,46351,JÄGER,18,Du,PPER,du,7573,,
tg,kq6g.0,46312,46351,JÄGER,18,träumst,VVFIN,träumsen,7573,,
tg,kq6g.0,46312,46351,JÄGER,18,",","$,",--,7573,,
tg,kq6g.0,46312,46351,JÄGER,18,mein,PPOSAT,mein,7573,JÄGER,18
tg,kq6g.0,46312,46351,JÄGER,18,Kind,NN,kind,7573,,
tg,kq6g.0,46312,46351,JÄGER,18,"!",$.,--,7573,,
tg,kq6g.0,46356,46539,"Gabriele, seine Nichte, (Sopran)",2,Ach,ITJ,ach,7573,,
tg,kq6g.0,46356,46539,"Gabriele, seine Nichte, (Sopran)",2,nein,PTKANT,nein,7573,,
tg,kq6g.0,46356,46539,"Gabriele, seine Nichte, (Sopran)",2,",","$,",--,7573,,
tg,kq6g.0,46356,46539,"Gabriele, seine Nichte, (Sopran)",2,hört,VVFIN,hören,7573,,
tg,kq6g.0,46356,46539,"Gabriele, seine Nichte, (Sopran)",2,doch,ADV,doch,7573,,
tg,kq6g.0,46356,46539,"Gabriele, seine Nichte, (Sopran)",2,mein,PPOSAT,mein,7573,"Gabriele, seine Nichte, (Sopran)",2
tg,kq6g.0,46356,46539,"Gabriele, seine Nichte, (Sopran)",2,Flehn,NN,flehn,7573,,
tg,kq6g.0,46356,46539,"Gabriele, seine Nichte, (Sopran)",2,"!",$.,--,7573,,
tg,kq6g.0,46356,46539,"Gabriele, seine Nichte, (Sopran)",2,Bei,APPR,bei,7573,,
tg,kq6g.0,46356,46539,"Gabriele, seine Nichte, (Sopran)",2,Eurem,PPOSAT,eurem,7573,,
tg,kq6g.0,46356,46539,"Gabriele, seine Nichte, (Sopran)",2,Heil,NN,heil,7573,,
tg,kq6g.0,46356,46539,"Gabriele, seine Nichte, (Sopran)",2,"!",$.,--,7573,,
tg,kq6g.0,46356,46539,"Gabriele, seine Nichte, (Sopran)",2,Die,ART,der,7573,,
tg,kq6g.0,46356,46539,"Gabriele, seine Nichte, (Sopran)",2,Axt,NN,axt,7573,,
tg,kq6g.0,46356,46539,"Gabriele, seine Nichte, (Sopran)",2,liegt,VVFIN,liegen,7573,,
tg,kq6g.0,46356,46539,"Gabriele, seine Nichte, (Sopran)",2,schon,ADV,schon,7573,,
tg,kq6g.0,46356,46539,"Gabriele, seine Nichte, (Sopran)",2,bereit,ADJD,bereit,7573,,
tg,kq6g.0,46356,46539,"Gabriele, seine Nichte, (Sopran)",2,",","$,",--,7573,,
tg,kq6g.0,46356,46539,"Gabriele, seine Nichte, (Sopran)",2,um,KOUI,um,7573,,
tg,kq6g.0,46356,46539,"Gabriele, seine Nichte, (Sopran)",2,Euch,PPER,euch,7573,,
tg,kq6g.0,46356,46539,"Gabriele, seine Nichte, (Sopran)",2,im,APPRART,in,7573,,
tg,kq6g.0,46356,46539,"Gabriele, seine Nichte, (Sopran)",2,Schlummer,NN,schlummer,7573,,
tg,kq6g.0,46356,46539,"Gabriele, seine Nichte, (Sopran)",2,Wehrlos,ADJD,wehrlos,7573,,
tg,kq6g.0,46356,46539,"Gabriele, seine Nichte, (Sopran)",2,zu,PTKZU,zu,7573,,
tg,kq6g.0,46356,46539,"Gabriele, seine Nichte, (Sopran)",2,erschlagen,VVINF,erschlagen,7573,,
tg,kq6g.0,46356,46539,"Gabriele, seine Nichte, (Sopran)",2,.,$.,--,7573,,
tg,kq6g.0,46545,46681,"Gabriele, seine Nichte, (Sopran)",2,Hört,NE,hören,7573,,
tg,kq6g.0,46545,46681,"Gabriele, seine Nichte, (Sopran)",2,Ihr,PPOSAT,ihr,7573,,
tg,kq6g.0,46545,46681,"Gabriele, seine Nichte, (Sopran)",2,die,ART,der,7573,,
tg,kq6g.0,46545,46681,"Gabriele, seine Nichte, (Sopran)",2,Mörder,NN,mörder,7573,,
tg,kq6g.0,46545,46681,"Gabriele, seine Nichte, (Sopran)",2,?,$.,--,7573,,
tg,kq6g.0,46545,46681,"Gabriele, seine Nichte, (Sopran)",2,Hilfe,NN,hilfe,7573,,
tg,kq6g.0,46545,46681,"Gabriele, seine Nichte, (Sopran)",2,hol,VAFIN,hol,7573,,
tg,kq6g.0,46545,46681,"Gabriele, seine Nichte, (Sopran)",2,',$[,--,7573,,
tg,kq6g.0,46545,46681,"Gabriele, seine Nichte, (Sopran)",2,ich,PPER,ich,7573,"Gabriele, seine Nichte, (Sopran)",2
tg,kq6g.0,46545,46681,"Gabriele, seine Nichte, (Sopran)",2,schnell,ADJD,schnell,7573,,
tg,kq6g.0,46545,46681,"Gabriele, seine Nichte, (Sopran)",2,"!",$.,--,7573,,
tg,kq6g.0,46545,46681,"Gabriele, seine Nichte, (Sopran)",2,Der,ART,der,7573,,
tg,kq6g.0,46545,46681,"Gabriele, seine Nichte, (Sopran)",2,Himmel,NN,himmel,7573,,
tg,kq6g.0,46545,46681,"Gabriele, seine Nichte, (Sopran)",2,Schütz,NE,schütz,7573,,
tg,kq6g.0,46545,46681,"Gabriele, seine Nichte, (Sopran)",2,',$[,--,7573,,
tg,kq6g.0,46545,46681,"Gabriele, seine Nichte, (Sopran)",2,Euch,PPER,euch,7573,,
tg,kq6g.0,46545,46681,"Gabriele, seine Nichte, (Sopran)",2,"!",$.,--,7573,,
tg,kq6g.0,46545,46681,"Gabriele, seine Nichte, (Sopran)",2,Eilig,ADJD,eilig,7573,,
tg,kq6g.0,46545,46681,"Gabriele, seine Nichte, (Sopran)",2,muß,VMFIN,müssen,7573,,
tg,kq6g.0,46545,46681,"Gabriele, seine Nichte, (Sopran)",2,ich,PPER,ich,7573,"Gabriele, seine Nichte, (Sopran)",2
tg,kq6g.0,46545,46681,"Gabriele, seine Nichte, (Sopran)",2,fort,PTKVZ,fort,7573,,
tg,kq6g.0,46545,46681,"Gabriele, seine Nichte, (Sopran)",2,"!",$.,--,7573,,
tg,kq6g.0,46753,47640,JÄGER,18,Nicht,PTKNEG,nicht,7573,,
tg,kq6g.0,46753,47640,JÄGER,18,ohne,APPR,ohne,7573,,
tg,kq6g.0,46753,47640,JÄGER,18,Grund,NN,grund,7573,,
tg,kq6g.0,46753,47640,JÄGER,18,scheint,VVFIN,scheinen,7573,,
tg,kq6g.0,46753,47640,JÄGER,18,ihr,PPOSAT,ihr,7573,,
tg,kq6g.0,46753,47640,JÄGER,18,Verdacht,NN,verdacht,7573,,
tg,kq6g.0,46753,47640,JÄGER,18,"!",$.,--,7573,,
tg,kq6g.0,46753,47640,JÄGER,18,Bei,APPR,bei,7573,,
tg,kq6g.0,46753,47640,JÄGER,18,Gott,NN,gott,7573,,
tg,kq6g.0,46753,47640,JÄGER,18,"!",$.,--,7573,,
tg,kq6g.0,46753,47640,JÄGER,18,die,ART,der,7573,,
tg,kq6g.0,46753,47640,JÄGER,18,Thüre,NN,thüre,7573,,
tg,kq6g.0,46753,47640,JÄGER,18,ist,VAFIN,sein,7573,,
tg,kq6g.0,46753,47640,JÄGER,18,verschlossen,ADJD,verschließen,7573,,
tg,kq6g.0,46753,47640,JÄGER,18,"!",$.,--,7573,,
tg,kq6g.0,46753,47640,JÄGER,18,Erloschen,NN,erloschen,7573,,
tg,kq6g.0,46753,47640,JÄGER,18,ist,VAFIN,sein,7573,,
tg,kq6g.0,46753,47640,JÄGER,18,die,ART,der,7573,,
tg,kq6g.0,46753,47640,JÄGER,18,Lampe,NN,lampe,7573,,
tg,kq6g.0,46753,47640,JÄGER,18,"!",$.,--,7573,,
tg,kq6g.0,46753,47640,JÄGER,18,Dennoch,ADV,dennoch,7573,,
tg,kq6g.0,46753,47640,JÄGER,18,strahlt,VVFIN,strahlen,7573,,
tg,kq6g.0,46753,47640,JÄGER,18,die,ART,der,7573,,
tg,kq6g.0,46753,47640,JÄGER,18,Mondenscheibe,NN,mondenscheibe,7573,,
tg,kq6g.0,46753,47640,JÄGER,18,hell,ADJD,hell,7573,,
tg,kq6g.0,46753,47640,JÄGER,18,",","$,",--,7573,,
tg,kq6g.0,46753,47640,JÄGER,18,Und,KON,und,7573,,
tg,kq6g.0,46753,47640,JÄGER,18,wenn,KOUS,wenn,7573,,
tg,kq6g.0,46753,47640,JÄGER,18,ein,ART,ein,7573,,
tg,kq6g.0,46753,47640,JÄGER,18,Schütz,NE,schütz,7573,,
tg,kq6g.0,46753,47640,JÄGER,18,',$[,--,7573,,
tg,kq6g.0,46753,47640,JÄGER,18,",","$,",--,7573,,
tg,kq6g.0,46753,47640,JÄGER,18,ein,ART,ein,7573,,
tg,kq6g.0,46753,47640,JÄGER,18,rüstiger,ADJA,rüstig,7573,,
tg,kq6g.0,46753,47640,JÄGER,18,Gesell,ADJD,gesell,7573,,
tg,kq6g.0,46753,47640,JÄGER,18,Die,ART,der,7573,,
tg,kq6g.0,46753,47640,JÄGER,18,Büchse,NN,büchse,7573,,
tg,kq6g.0,46753,47640,JÄGER,18,noch,ADV,noch,7573,,
tg,kq6g.0,46753,47640,JÄGER,18,hat,VAFIN,haben,7573,,
tg,kq6g.0,46753,47640,JÄGER,18,–,PPER,–,7573,,
tg,kq6g.0,46753,47640,JÄGER,18,O,NE,O,7573,,
tg,kq6g.0,46753,47640,JÄGER,18,Himmel,NN,himmel,7573,,
tg,kq6g.0,46753,47640,JÄGER,18,",","$,",--,7573,,
tg,kq6g.0,46753,47640,JÄGER,18,was,PWS,was,7573,,
tg,kq6g.0,46753,47640,JÄGER,18,ist,VAFIN,sein,7573,,
tg,kq6g.0,46753,47640,JÄGER,18,das,PDS,der,7573,,
tg,kq6g.0,46753,47640,JÄGER,18,?,$.,--,7573,,
tg,kq6g.0,46753,47640,JÄGER,18,Feucht,NE,feucht,7573,,
tg,kq6g.0,46753,47640,JÄGER,18,ist,VAFIN,sein,7573,,
tg,kq6g.0,46753,47640,JÄGER,18,das,ART,der,7573,,
tg,kq6g.0,46753,47640,JÄGER,18,Rohr,NN,rohr,7573,,
tg,kq6g.0,46753,47640,JÄGER,18,",","$,",--,7573,,
tg,kq6g.0,46753,47640,JÄGER,18,der,ART,der,7573,,
tg,kq6g.0,46753,47640,JÄGER,18,Stein,NN,stein,7573,,
tg,kq6g.0,46753,47640,JÄGER,18,ist,VAFIN,sein,7573,,
tg,kq6g.0,46753,47640,JÄGER,18,abgeschraubt,VVPP,abschrauben,7573,,
tg,kq6g.0,46753,47640,JÄGER,18,"!",$.,--,7573,,
tg,kq6g.0,46753,47640,JÄGER,18,Hab,ADV,hab,7573,,
tg,kq6g.0,46753,47640,JÄGER,18,',$[,--,7573,,
tg,kq6g.0,46753,47640,JÄGER,18,ich,PPER,ich,7573,JÄGER,18
tg,kq6g.0,46753,47640,JÄGER,18,doch,ADV,doch,7573,,
tg,kq6g.0,46753,47640,JÄGER,18,dich,PRF,dich,7573,,
tg,kq6g.0,46753,47640,JÄGER,18,"!",$.,--,7573,,
tg,kq6g.0,46753,47640,JÄGER,18,Ist,VAFIN,sein,7573,,
tg,kq6g.0,46753,47640,JÄGER,18,wohl,ADV,wohl,7573,,
tg,kq6g.0,46753,47640,JÄGER,18,ein,ART,ein,7573,,
tg,kq6g.0,46753,47640,JÄGER,18,Riegel,NN,riegel,7573,,
tg,kq6g.0,46753,47640,JÄGER,18,da,ADV,da,7573,,
tg,kq6g.0,46753,47640,JÄGER,18,",","$,",--,7573,,
tg,kq6g.0,46753,47640,JÄGER,18,So,ADV,so,7573,,
tg,kq6g.0,46753,47640,JÄGER,18,für,APPR,für,7573,,
tg,kq6g.0,46753,47640,JÄGER,18,den,ART,der,7573,,
tg,kq6g.0,46753,47640,JÄGER,18,ersten,ADJA,erster,7573,,
tg,kq6g.0,46753,47640,JÄGER,18,Anlauf,NN,anlauf,7573,,
tg,kq6g.0,46753,47640,JÄGER,18,?,$.,--,7573,,
tg,kq6g.0,46753,47640,JÄGER,18,Wahrlich,ADJD,wahrlich,7573,,
tg,kq6g.0,46753,47640,JÄGER,18,gut,ADJD,gut,7573,,
tg,kq6g.0,46753,47640,JÄGER,18,"!",$.,--,7573,,
tg,kq6g.0,47646,48152,JÄGER,18,Nun,ADV,nun,7573,,
tg,kq6g.0,47646,48152,JÄGER,18,Schwert,VVFIN,schwert,7573,,
tg,kq6g.0,47646,48152,JÄGER,18,heraus,PTKVZ,heraus,7573,,
tg,kq6g.0,47646,48152,JÄGER,18,"!",$.,--,7573,,
tg,kq6g.0,47646,48152,JÄGER,18,Die,ART,der,7573,,
tg,kq6g.0,47646,48152,JÄGER,18,Klinge,NN,klinge,7573,,
tg,kq6g.0,47646,48152,JÄGER,18,blank,VVFIN,blank,7573,,
tg,kq6g.0,47646,48152,JÄGER,18,"!",$.,--,7573,,
tg,kq6g.0,47646,48152,JÄGER,18,Doch,KON,doch,7573,,
tg,kq6g.0,47646,48152,JÄGER,18,welche,PWAT,welcher,7573,,
tg,kq6g.0,47646,48152,JÄGER,18,ist's,NN,ist,7573,,
tg,kq6g.0,47646,48152,JÄGER,18,?,$.,--,7573,,
tg,kq6g.0,47646,48152,JÄGER,18,Ja,PTKANT,ja,7573,,
tg,kq6g.0,47646,48152,JÄGER,18,",","$,",--,7573,,
tg,kq6g.0,47646,48152,JÄGER,18,',$[,--,7573,,
tg,kq6g.0,47646,48152,JÄGER,18,s,PPER,--,7573,,
tg,kq6g.0,47646,48152,JÄGER,18,ist,VAFIN,sein,7573,,
tg,kq6g.0,47646,48152,JÄGER,18,mein,PPOSAT,mein,7573,JÄGER,18
tg,kq6g.0,47646,48152,JÄGER,18,Teuerdank,NN,teuerdank,7573,,
tg,kq6g.0,47646,48152,JÄGER,18,"!",$.,--,7573,,
tg,kq6g.0,47646,48152,JÄGER,18,Nun,ADV,nun,7573,,
tg,kq6g.0,47646,48152,JÄGER,18,kommt,VVFIN,kommen,7573,,
tg,kq6g.0,47646,48152,JÄGER,18,",","$,",--,7573,,
tg,kq6g.0,47646,48152,JÄGER,18,ihr,PPOSAT,ihr,7573,,
tg,kq6g.0,47646,48152,JÄGER,18,Schurken,NN,schurken,7573,,
tg,kq6g.0,47646,48152,JÄGER,18,",","$,",--,7573,,
tg,kq6g.0,47646,48152,JÄGER,18,wenn,KOUS,wenn,7573,,
tg,kq6g.0,47646,48152,JÄGER,18,ihr,PPER,ihr,7573,,
tg,kq6g.0,47646,48152,JÄGER,18,mein,PPOSAT,mein,7573,JÄGER,18
tg,kq6g.0,47646,48152,JÄGER,18,begehrt,ADJD,begehren,7573,,
tg,kq6g.0,47646,48152,JÄGER,18,",","$,",--,7573,,
tg,kq6g.0,47646,48152,JÄGER,18,In,APPR,in,7573,,
tg,kq6g.0,47646,48152,JÄGER,18,deutscher,ADJA,deutsch,7573,,
tg,kq6g.0,47646,48152,JÄGER,18,Faust,NN,faust,7573,,
tg,kq6g.0,47646,48152,JÄGER,18,führ,ADJD,führ,7573,,
tg,kq6g.0,47646,48152,JÄGER,18,',$[,--,7573,,
tg,kq6g.0,47646,48152,JÄGER,18,ich,PPER,ich,7573,JÄGER,18
tg,kq6g.0,47646,48152,JÄGER,18,dies,PDS,dieser,7573,,
tg,kq6g.0,47646,48152,JÄGER,18,Ahnenschwert,VVPP,ahnenschwert,7573,,
tg,kq6g.0,47646,48152,JÄGER,18,"!",$.,--,7573,,
tg,kq6g.0,48292,48323,"Pedro, (Baß), Hirten",4,Ist,VAFIN,sein,7573,,
tg,kq6g.0,48292,48323,"Pedro, (Baß), Hirten",4,alles,PIS,alle,7573,,
tg,kq6g.0,48292,48323,"Pedro, (Baß), Hirten",4,still,ADJD,still,7573,,
tg,kq6g.0,48292,48323,"Pedro, (Baß), Hirten",4,?,$.,--,7573,,
tg,kq6g.0,48328,48371,"Vasco, (Baß)",3,Ich,PPER,ich,7573,,
tg,kq6g.0,48328,48371,"Vasco, (Baß)",3,höre,VVFIN,hören,7573,,
tg,kq6g.0,48328,48371,"Vasco, (Baß)",3,nichts,PIS,nichts,7573,,
tg,kq6g.0,48328,48371,"Vasco, (Baß)",3,sich,PRF,sich,7573,,
tg,kq6g.0,48328,48371,"Vasco, (Baß)",3,regen,ADJA,regen,7573,,
tg,kq6g.0,48328,48371,"Vasco, (Baß)",3,.,$.,--,7573,,
tg,kq6g.0,48376,48438,"Ambrosio, ein alter Hirt, (Baß)",1,So,ADV,so,7573,,
tg,kq6g.0,48376,48438,"Ambrosio, ein alter Hirt, (Baß)",1,kommet,ADJD,kommen,7573,,
tg,kq6g.0,48376,48438,"Ambrosio, ein alter Hirt, (Baß)",1,leis,ADJD,leis,7573,,
tg,kq6g.0,48376,48438,"Ambrosio, ein alter Hirt, (Baß)",1,',$[,--,7573,,
tg,kq6g.0,48376,48438,"Ambrosio, ein alter Hirt, (Baß)",1,",","$,",--,7573,,
tg,kq6g.0,48376,48438,"Ambrosio, ein alter Hirt, (Baß)",1,die,ART,der,7573,,
tg,kq6g.0,48376,48438,"Ambrosio, ein alter Hirt, (Baß)",1,Schling,NN,schling,7573,,
tg,kq6g.0,48376,48438,"Ambrosio, ein alter Hirt, (Baß)",1,',$[,--,7573,,
tg,kq6g.0,48376,48438,"Ambrosio, ein alter Hirt, (Baß)",1,ihm,PPER,ihm,7573,,
tg,kq6g.0,48376,48438,"Ambrosio, ein alter Hirt, (Baß)",1,anzulegen,VVIZU,anlegen,7573,,
tg,kq6g.0,48376,48438,"Ambrosio, ein alter Hirt, (Baß)",1,.,$.,--,7573,,
tg,kq6g.0,48443,48587,"Vasco, (Baß)",3,Ja,PTKANT,ja,7573,,
tg,kq6g.0,48443,48587,"Vasco, (Baß)",3,",","$,",--,7573,,
tg,kq6g.0,48443,48587,"Vasco, (Baß)",3,leichter,ADJD,leicht,7573,,
tg,kq6g.0,48443,48587,"Vasco, (Baß)",3,bläst,VVFIN,blasen,7573,,
tg,kq6g.0,48443,48587,"Vasco, (Baß)",3,sich,PRF,sich,7573,,
tg,kq6g.0,48443,48587,"Vasco, (Baß)",3,so,ADV,so,7573,,
tg,kq6g.0,48443,48587,"Vasco, (Baß)",3,ein,ART,ein,7573,,
tg,kq6g.0,48443,48587,"Vasco, (Baß)",3,Leben,NN,leben,7573,,
tg,kq6g.0,48443,48587,"Vasco, (Baß)",3,aus,APPR,aus,7573,,
tg,kq6g.0,48443,48587,"Vasco, (Baß)",3,Und,KON,und,7573,,
tg,kq6g.0,48443,48587,"Vasco, (Baß)",3,eure,ADJA,euer,7573,,
tg,kq6g.0,48443,48587,"Vasco, (Baß)",3,Furcht,NN,furcht,7573,,
tg,kq6g.0,48443,48587,"Vasco, (Baß)",3,entgeht,VVFIN,entgehen,7573,,
tg,kq6g.0,48443,48587,"Vasco, (Baß)",3,dem,ART,der,7573,,
tg,kq6g.0,48443,48587,"Vasco, (Baß)",3,Strauß,NE,strauß,7573,,
tg,kq6g.0,48443,48587,"Vasco, (Baß)",3,.,$.,--,7573,,
tg,kq6g.0,48593,48690,"Vasco, (Baß)",3,Verdammt,VVPP,verdammen,7573,,
tg,kq6g.0,48593,48690,"Vasco, (Baß)",3,"!",$.,--,7573,,
tg,kq6g.0,48695,48751,"Ambrosio, ein alter Hirt, (Baß)",1,So,ADV,so,7573,,
tg,kq6g.0,48695,48751,"Ambrosio, ein alter Hirt, (Baß)",1,sprich,VVIMP,sprich,7573,,
tg,kq6g.0,48695,48751,"Ambrosio, ein alter Hirt, (Baß)",1,",","$,",--,7573,,
tg,kq6g.0,48695,48751,"Ambrosio, ein alter Hirt, (Baß)",1,was,PWS,was,7573,,
tg,kq6g.0,48695,48751,"Ambrosio, ein alter Hirt, (Baß)",1,ist,VAFIN,sein,7573,,
tg,kq6g.0,48695,48751,"Ambrosio, ein alter Hirt, (Baß)",1,geschehen,VVPP,geschehen,7573,,
tg,kq6g.0,48695,48751,"Ambrosio, ein alter Hirt, (Baß)",1,?,$.,--,7573,,
tg,kq6g.0,48756,48890,"Vasco, (Baß)",3,Jetzt,ADV,jetzt,7573,,
tg,kq6g.0,48756,48890,"Vasco, (Baß)",3,wird,VAFIN,werden,7573,,
tg,kq6g.0,48756,48890,"Vasco, (Baß)",3,es,PPER,es,7573,,
tg,kq6g.0,48756,48890,"Vasco, (Baß)",3,wohl,ADV,wohl,7573,,
tg,kq6g.0,48756,48890,"Vasco, (Baß)",3,so,ADV,so,7573,,
tg,kq6g.0,48756,48890,"Vasco, (Baß)",3,leicht,ADJD,leicht,7573,,
tg,kq6g.0,48756,48890,"Vasco, (Baß)",3,nicht,PTKNEG,nicht,7573,,
tg,kq6g.0,48756,48890,"Vasco, (Baß)",3,gehen,VVINF,gehen,7573,,
tg,kq6g.0,48756,48890,"Vasco, (Baß)",3,",","$,",--,7573,,
tg,kq6g.0,48756,48890,"Vasco, (Baß)",3,Denn,KON,denn,7573,,
tg,kq6g.0,48756,48890,"Vasco, (Baß)",3,ich,PPER,ich,7573,"Vasco, (Baß)",3
tg,kq6g.0,48756,48890,"Vasco, (Baß)",3,vergaß,VVFIN,vergessen,7573,,
tg,kq6g.0,48756,48890,"Vasco, (Baß)",3,",","$,",--,7573,,
tg,kq6g.0,48756,48890,"Vasco, (Baß)",3,schwer,ADJD,schwer,7573,,
tg,kq6g.0,48756,48890,"Vasco, (Baß)",3,büß,VVFIN,büß,7573,,
tg,kq6g.0,48756,48890,"Vasco, (Baß)",3,',$[,--,7573,,
tg,kq6g.0,48756,48890,"Vasco, (Baß)",3,ich,PPER,ich,7573,"Vasco, (Baß)",3
tg,kq6g.0,48756,48890,"Vasco, (Baß)",3,nun,ADV,nun,7573,,
tg,kq6g.0,48756,48890,"Vasco, (Baß)",3,dafür,PROAV,dafür,7573,,
tg,kq6g.0,48756,48890,"Vasco, (Baß)",3,",","$,",--,7573,,
tg,kq6g.0,48756,48890,"Vasco, (Baß)",3,Den,ART,den,7573,,
tg,kq6g.0,48756,48890,"Vasco, (Baß)",3,Riegel,NN,riegel,7573,,
tg,kq6g.0,48756,48890,"Vasco, (Baß)",3,an,APPR,an,7573,,
tg,kq6g.0,48756,48890,"Vasco, (Baß)",3,der,ART,der,7573,,
tg,kq6g.0,48756,48890,"Vasco, (Baß)",3,alten,ADJA,alt,7573,,
tg,kq6g.0,48756,48890,"Vasco, (Baß)",3,Thür,NN,thür,7573,,
tg,kq6g.0,48756,48890,"Vasco, (Baß)",3,.,$.,--,7573,,
tg,kq6g.0,48896,48995,AMBROSIO UND PEDRO,13,Ja,PTKANT,ja,7573,,
tg,kq6g.0,48896,48995,AMBROSIO UND PEDRO,13,",","$,",--,7573,,
tg,kq6g.0,48896,48995,AMBROSIO UND PEDRO,13,hier,ADV,hier,7573,,
tg,kq6g.0,48896,48995,AMBROSIO UND PEDRO,13,des,ART,der,7573,,
tg,kq6g.0,48896,48995,AMBROSIO UND PEDRO,13,Schicksals,NN,schicksal,7573,,
tg,kq6g.0,48896,48995,AMBROSIO UND PEDRO,13,Stimme,NN,stimme,7573,,
tg,kq6g.0,48896,48995,AMBROSIO UND PEDRO,13,spricht,VVFIN,sprechen,7573,,
tg,kq6g.0,48896,48995,AMBROSIO UND PEDRO,13,:,$.,--,7573,,
tg,kq6g.0,48896,48995,AMBROSIO UND PEDRO,13,Begehet,NE,begehet,7573,,
tg,kq6g.0,48896,48995,AMBROSIO UND PEDRO,13,das,ART,der,7573,,
tg,kq6g.0,48896,48995,AMBROSIO UND PEDRO,13,Verbrechen,NN,verbrechen,7573,,
tg,kq6g.0,48896,48995,AMBROSIO UND PEDRO,13,nicht,PTKNEG,nicht,7573,,
tg,kq6g.0,48896,48995,AMBROSIO UND PEDRO,13,"!",$.,--,7573,,
tg,kq6g.0,49001,49172,JÄGER,18,Dies,PDS,dieser,7573,,
tg,kq6g.0,49001,49172,JÄGER,18,Ahnenschwert,VVFIN,ahnenschwert,7573,,
tg,kq6g.0,49001,49172,JÄGER,18,verbürgend,ADJD,verbürgend,7573,,
tg,kq6g.0,49001,49172,JÄGER,18,spricht,VVFIN,sprechen,7573,,
tg,kq6g.0,49001,49172,JÄGER,18,:,$.,--,7573,,
tg,kq6g.0,49001,49172,JÄGER,18,Du,PPER,du,7573,,
tg,kq6g.0,49001,49172,JÄGER,18,fällst,VVFIN,fällen,7573,,
tg,kq6g.0,49001,49172,JÄGER,18,durch,APPR,durch,7573,,
tg,kq6g.0,49001,49172,JÄGER,18,diese,PDAT,dieser,7573,,
tg,kq6g.0,49001,49172,JÄGER,18,Räuber,NN,räuber,7573,,
tg,kq6g.0,49001,49172,JÄGER,18,nicht,PTKNEG,nicht,7573,,
tg,kq6g.0,49001,49172,JÄGER,18,.,$.,--,7573,,
tg,kq6g.0,49001,49172,JÄGER,18,Du,PPER,du,7573,,
tg,kq6g.0,49001,49172,JÄGER,18,fällst,VVFIN,fällen,7573,,
tg,kq6g.0,49001,49172,JÄGER,18,durch,APPR,durch,7573,,
tg,kq6g.0,49001,49172,JÄGER,18,diese,PDAT,dieser,7573,,
tg,kq6g.0,49001,49172,JÄGER,18,Räuber,NN,räuber,7573,,
tg,kq6g.0,49001,49172,JÄGER,18,nicht,PTKNEG,nicht,7573,,
tg,kq6g.0,49001,49172,JÄGER,18,",","$,",--,7573,,
tg,kq6g.0,49001,49172,JÄGER,18,Durch,APPR,durch,7573,,
tg,kq6g.0,49001,49172,JÄGER,18,diese,PDAT,dieser,7573,,
tg,kq6g.0,49001,49172,JÄGER,18,Räuber,NN,räuber,7573,,
tg,kq6g.0,49001,49172,JÄGER,18,fällst,VVFIN,fällen,7573,,
tg,kq6g.0,49001,49172,JÄGER,18,du,PPER,du,7573,,
tg,kq6g.0,49001,49172,JÄGER,18,nicht,PTKNEG,nicht,7573,,
tg,kq6g.0,49001,49172,JÄGER,18,"!",$.,--,7573,,
tg,kq6g.0,49179,49279,AMBROSIO UND PEDRO,13,Ja,PTKANT,ja,7573,,
tg,kq6g.0,49179,49279,AMBROSIO UND PEDRO,13,",","$,",--,7573,,
tg,kq6g.0,49179,49279,AMBROSIO UND PEDRO,13,hier,ADV,hier,7573,,
tg,kq6g.0,49179,49279,AMBROSIO UND PEDRO,13,des,ART,der,7573,,
tg,kq6g.0,49179,49279,AMBROSIO UND PEDRO,13,Schicksals,NN,schicksal,7573,,
tg,kq6g.0,49179,49279,AMBROSIO UND PEDRO,13,Stimme,NN,stimme,7573,,
tg,kq6g.0,49179,49279,AMBROSIO UND PEDRO,13,spricht,VVFIN,sprechen,7573,,
tg,kq6g.0,49179,49279,AMBROSIO UND PEDRO,13,:,$.,--,7573,,
tg,kq6g.0,49179,49279,AMBROSIO UND PEDRO,13,Begehet,NE,begehet,7573,,
tg,kq6g.0,49179,49279,AMBROSIO UND PEDRO,13,dies,PDS,dieser,7573,,
tg,kq6g.0,49179,49279,AMBROSIO UND PEDRO,13,Verbrechen,NN,verbrechen,7573,,
tg,kq6g.0,49179,49279,AMBROSIO UND PEDRO,13,nicht,PTKNEG,nicht,7573,,
tg,kq6g.0,49179,49279,AMBROSIO UND PEDRO,13,"!",$.,--,7573,,
tg,kq6g.0,49285,49508,"Vasco, (Baß)",3,Ihr,PPOSAT,ihr,7573,,
tg,kq6g.0,49285,49508,"Vasco, (Baß)",3,Memmen,NN,memmen,7573,,
tg,kq6g.0,49285,49508,"Vasco, (Baß)",3,",","$,",--,7573,,
tg,kq6g.0,49285,49508,"Vasco, (Baß)",3,schweigt,VVFIN,schweigen,7573,,
tg,kq6g.0,49285,49508,"Vasco, (Baß)",3,und,KON,und,7573,,
tg,kq6g.0,49285,49508,"Vasco, (Baß)",3,hört,VVFIN,hören,7573,,
tg,kq6g.0,49285,49508,"Vasco, (Baß)",3,mich,PPER,mich,7573,"Vasco, (Baß)",3
tg,kq6g.0,49285,49508,"Vasco, (Baß)",3,an,PTKVZ,an,7573,,
tg,kq6g.0,49285,49508,"Vasco, (Baß)",3,:,$.,--,7573,,
tg,kq6g.0,49285,49508,"Vasco, (Baß)",3,Verändern,VVINF,verändern,7573,,
tg,kq6g.0,49285,49508,"Vasco, (Baß)",3,muß,VMFIN,müssen,7573,,
tg,kq6g.0,49285,49508,"Vasco, (Baß)",3,ich,PPER,ich,7573,"Vasco, (Baß)",3
tg,kq6g.0,49285,49508,"Vasco, (Baß)",3,unsern,ADJD,unsern,7573,,
tg,kq6g.0,49285,49508,"Vasco, (Baß)",3,Plan,NN,plan,7573,,
tg,kq6g.0,49285,49508,"Vasco, (Baß)",3,.,$.,--,7573,,
tg,kq6g.0,49285,49508,"Vasco, (Baß)",3,He,NN,--,7573,,
tg,kq6g.0,49285,49508,"Vasco, (Baß)",3,",","$,",--,7573,,
tg,kq6g.0,49285,49508,"Vasco, (Baß)",3,lieber,ADJD,lieber,7573,,
tg,kq6g.0,49285,49508,"Vasco, (Baß)",3,Herr,NN,herr,7573,,
tg,kq6g.0,49285,49508,"Vasco, (Baß)",3,",","$,",--,7573,,
tg,kq6g.0,49285,49508,"Vasco, (Baß)",3,macht,VVFIN,machen,7573,,
tg,kq6g.0,49285,49508,"Vasco, (Baß)",3,auf,APPR,auf,7573,,
tg,kq6g.0,49285,49508,"Vasco, (Baß)",3,"!",$.,--,7573,,
tg,kq6g.0,49285,49508,"Vasco, (Baß)",3,macht,VVFIN,machen,7573,,
tg,kq6g.0,49285,49508,"Vasco, (Baß)",3,auf,PTKVZ,auf,7573,,
tg,kq6g.0,49285,49508,"Vasco, (Baß)",3,und,KON,und,7573,,
tg,kq6g.0,49285,49508,"Vasco, (Baß)",3,laßt,VVFIN,lassen,7573,,
tg,kq6g.0,49285,49508,"Vasco, (Baß)",3,mich,PPER,mich,7573,"Vasco, (Baß)",3
tg,kq6g.0,49285,49508,"Vasco, (Baß)",3,ein,PTKVZ,ein,7573,,
tg,kq6g.0,49285,49508,"Vasco, (Baß)",3,"!",$.,--,7573,,
tg,kq6g.0,49285,49508,"Vasco, (Baß)",3,Macht,NN,macht,7573,,
tg,kq6g.0,49285,49508,"Vasco, (Baß)",3,auf,APPR,auf,7573,,
tg,kq6g.0,49285,49508,"Vasco, (Baß)",3,"!",$.,--,7573,,
tg,kq6g.0,49285,49508,"Vasco, (Baß)",3,macht,VVFIN,machen,7573,,
tg,kq6g.0,49285,49508,"Vasco, (Baß)",3,auf,APPR,auf,7573,,
tg,kq6g.0,49285,49508,"Vasco, (Baß)",3,"!",$.,--,7573,,
tg,kq6g.0,49285,49508,"Vasco, (Baß)",3,macht,VVFIN,machen,7573,,
tg,kq6g.0,49285,49508,"Vasco, (Baß)",3,auf,APPR,auf,7573,,
tg,kq6g.0,49285,49508,"Vasco, (Baß)",3,"!",$.,--,7573,,
tg,kq6g.0,49513,49573,JÄGER,18,Wohlan,NE,wohlan,7573,,
tg,kq6g.0,49513,49573,JÄGER,18,",","$,",--,7573,,
tg,kq6g.0,49513,49573,JÄGER,18,was,PWS,was,7573,,
tg,kq6g.0,49513,49573,JÄGER,18,soll,VMFIN,sollen,7573,,
tg,kq6g.0,49513,49573,JÄGER,18,es,PPER,es,7573,,
tg,kq6g.0,49513,49573,JÄGER,18,sein,VAINF,sein,7573,,
tg,kq6g.0,49513,49573,JÄGER,18,?,$.,--,7573,,
tg,kq6g.0,49578,49652,"Vasco, (Baß)",3,',$[,--,7573,,
tg,kq6g.0,49578,49652,"Vasco, (Baß)",3,s,PPER,--,7573,,
tg,kq6g.0,49578,49652,"Vasco, (Baß)",3,sind,VAFIN,sein,7573,,
tg,kq6g.0,49578,49652,"Vasco, (Baß)",3,Männer,NN,mann,7573,,
tg,kq6g.0,49578,49652,"Vasco, (Baß)",3,da,ADV,da,7573,,
tg,kq6g.0,49578,49652,"Vasco, (Baß)",3,",","$,",--,7573,,
tg,kq6g.0,49578,49652,"Vasco, (Baß)",3,gar,ADV,gar,7573,,
tg,kq6g.0,49578,49652,"Vasco, (Baß)",3,hübsche,ADJA,hübsch,7573,,
tg,kq6g.0,49578,49652,"Vasco, (Baß)",3,schmucke,ADJA,schmuck,7573,,
tg,kq6g.0,49578,49652,"Vasco, (Baß)",3,Leut,NN,leut,7573,,
tg,kq6g.0,49578,49652,"Vasco, (Baß)",3,',$[,--,7573,,
tg,kq6g.0,49578,49652,"Vasco, (Baß)",3,",","$,",--,7573,,
tg,kq6g.0,49578,49652,"Vasco, (Baß)",3,Vom,APPRART,von,7573,,
tg,kq6g.0,49578,49652,"Vasco, (Baß)",3,Prinzregenten,NN,prinzregent,7573,,
tg,kq6g.0,49578,49652,"Vasco, (Baß)",3,.,$.,--,7573,,
tg,kq6g.0,49658,49700,JÄGER,18,Hat,VAFIN,haben,7573,,
tg,kq6g.0,49658,49700,JÄGER,18,bis,APPR,bis,7573,,
tg,kq6g.0,49658,49700,JÄGER,18,morgen,ADV,morgen,7573,,
tg,kq6g.0,49658,49700,JÄGER,18,Zeit,NN,zeit,7573,,
tg,kq6g.0,49658,49700,JÄGER,18,"!",$.,--,7573,,
tg,kq6g.0,49706,49758,"Vasco, (Baß)",3,Nach,APPR,nach,7573,,
tg,kq6g.0,49706,49758,"Vasco, (Baß)",3,seinem,PPOSAT,sein,7573,,
tg,kq6g.0,49706,49758,"Vasco, (Baß)",3,Blut,NN,blut,7573,,
tg,kq6g.0,49706,49758,"Vasco, (Baß)",3,steht,VVFIN,stehen,7573,,
tg,kq6g.0,49706,49758,"Vasco, (Baß)",3,mein,PPOSAT,mein,7573,"Vasco, (Baß)",3
tg,kq6g.0,49706,49758,"Vasco, (Baß)",3,Begehren,NN,begehren,7573,,
tg,kq6g.0,49706,49758,"Vasco, (Baß)",3,"!",$.,--,7573,,
tg,kq6g.0,49763,49829,AMBROSIO UND PEDRO,13,Und,KON,und,7573,,
tg,kq6g.0,49763,49829,AMBROSIO UND PEDRO,13,sollt,VVFIN,sollen,7573,,
tg,kq6g.0,49763,49829,AMBROSIO UND PEDRO,13,',$[,--,7573,,
tg,kq6g.0,49763,49829,AMBROSIO UND PEDRO,13,es,PPER,es,7573,,
tg,kq6g.0,49763,49829,AMBROSIO UND PEDRO,13,wagen,VVFIN,wagen,7573,,
tg,kq6g.0,49763,49829,AMBROSIO UND PEDRO,13,",","$,",--,7573,,
tg,kq6g.0,49763,49829,AMBROSIO UND PEDRO,13,sich,PRF,sich,7573,,
tg,kq6g.0,49763,49829,AMBROSIO UND PEDRO,13,zu,PTKZU,zu,7573,,
tg,kq6g.0,49763,49829,AMBROSIO UND PEDRO,13,wehren,VVINF,wehren,7573,,
tg,kq6g.0,49763,49829,AMBROSIO UND PEDRO,13,–,XY,–,7573,,
tg,kq6g.0,49834,49881,JÄGER,18,Nach,APPR,nach,7573,,
tg,kq6g.0,49834,49881,JÄGER,18,meinem,PPOSAT,mein,7573,JÄGER,18
tg,kq6g.0,49834,49881,JÄGER,18,Blute,NN,blute,7573,,
tg,kq6g.0,49834,49881,JÄGER,18,sie,PPER,sie,7573,,
tg,kq6g.0,49834,49881,JÄGER,18,begehren,VVINF,begehren,7573,,
tg,kq6g.0,49834,49881,JÄGER,18,"!",$.,--,7573,,
tg,kq6g.0,49886,49937,DIE DREI HIRTEN,17,Er,PPER,er,7573,,
tg,kq6g.0,49886,49937,DIE DREI HIRTEN,17,unterlieget,VVFIN,unterliegen,7573,,
tg,kq6g.0,49886,49937,DIE DREI HIRTEN,17,der,ART,der,7573,,
tg,kq6g.0,49886,49937,DIE DREI HIRTEN,17,Gewalt,NN,gewalt,7573,,
tg,kq6g.0,49886,49937,DIE DREI HIRTEN,17,"!",$.,--,7573,,
tg,kq6g.0,49942,50063,JÄGER,18,Jedoch,KON,jedoch,7573,,
tg,kq6g.0,49942,50063,JÄGER,18,ich,PPER,ich,7573,JÄGER,18
tg,kq6g.0,49942,50063,JÄGER,18,trotze,VVFIN,trotzen,7573,,
tg,kq6g.0,49942,50063,JÄGER,18,der,ART,der,7573,,
tg,kq6g.0,49942,50063,JÄGER,18,Gewalt,NN,gewalt,7573,,
tg,kq6g.0,49942,50063,JÄGER,18,"!",$.,--,7573,,
tg,kq6g.0,49942,50063,JÄGER,18,Und,KON,und,7573,,
tg,kq6g.0,49942,50063,JÄGER,18,wer,PWS,wer,7573,,
tg,kq6g.0,49942,50063,JÄGER,18,sich,PRF,sich,7573,,
tg,kq6g.0,49942,50063,JÄGER,18,naht,VVFIN,nahen,7573,,
tg,kq6g.0,49942,50063,JÄGER,18,",","$,",--,7573,,
tg,kq6g.0,49942,50063,JÄGER,18,mich,PRF,mich,7573,JÄGER,18
tg,kq6g.0,49942,50063,JÄGER,18,zu,PTKZU,zu,7573,,
tg,kq6g.0,49942,50063,JÄGER,18,versehren,VVINF,versehren,7573,,
tg,kq6g.0,49942,50063,JÄGER,18,",","$,",--,7573,,
tg,kq6g.0,49942,50063,JÄGER,18,Den,PDS,den,7573,,
tg,kq6g.0,49942,50063,JÄGER,18,macht,VVFIN,machen,7573,,
tg,kq6g.0,49942,50063,JÄGER,18,mein,PPOSAT,mein,7573,JÄGER,18
tg,kq6g.0,49942,50063,JÄGER,18,gutes,ADJA,gut,7573,,
tg,kq6g.0,49942,50063,JÄGER,18,Eisen,NN,eisen,7573,,
tg,kq6g.0,49942,50063,JÄGER,18,kalt,ADJD,kalt,7573,,
tg,kq6g.0,49942,50063,JÄGER,18,.,$.,--,7573,,
tg,kq6g.0,50070,50158,"Vasco, (Baß)",3,Und,KON,und,7573,,
tg,kq6g.0,50070,50158,"Vasco, (Baß)",3,sollt,VVFIN,sollen,7573,,
tg,kq6g.0,50070,50158,"Vasco, (Baß)",3,',$[,--,7573,,
tg,kq6g.0,50070,50158,"Vasco, (Baß)",3,er's,FM,er's,7573,,
tg,kq6g.0,50070,50158,"Vasco, (Baß)",3,wagen,VVFIN,wagen,7573,,
tg,kq6g.0,50070,50158,"Vasco, (Baß)",3,",","$,",--,7573,,
tg,kq6g.0,50070,50158,"Vasco, (Baß)",3,sich,PRF,sich,7573,,
tg,kq6g.0,50070,50158,"Vasco, (Baß)",3,zu,PTKZU,zu,7573,,
tg,kq6g.0,50070,50158,"Vasco, (Baß)",3,wehren,VVINF,wehren,7573,,
tg,kq6g.0,50070,50158,"Vasco, (Baß)",3,",","$,",--,7573,,
tg,kq6g.0,50070,50158,"Vasco, (Baß)",3,Macht,NN,macht,7573,,
tg,kq6g.0,50070,50158,"Vasco, (Baß)",3,ihn,PPER,ihn,7573,,
tg,kq6g.0,50070,50158,"Vasco, (Baß)",3,mein,PPOSAT,mein,7573,"Vasco, (Baß)",3
tg,kq6g.0,50070,50158,"Vasco, (Baß)",3,gutes,ADJA,gut,7573,,
tg,kq6g.0,50070,50158,"Vasco, (Baß)",3,Eisen,NN,eisen,7573,,
tg,kq6g.0,50070,50158,"Vasco, (Baß)",3,kalt,ADJD,kalt,7573,,
tg,kq6g.0,50070,50158,"Vasco, (Baß)",3,"!",$.,--,7573,,
tg,kq6g.0,50164,50266,AMBROSIO UND PEDRO,13,Nach,APPR,nach,7573,,
tg,kq6g.0,50164,50266,AMBROSIO UND PEDRO,13,seinem,PPOSAT,sein,7573,,
tg,kq6g.0,50164,50266,AMBROSIO UND PEDRO,13,Golde,NN,gold,7573,,
tg,kq6g.0,50164,50266,AMBROSIO UND PEDRO,13,trag,ADJD,trag,7573,,
tg,kq6g.0,50164,50266,AMBROSIO UND PEDRO,13,',$[,--,7573,,
tg,kq6g.0,50164,50266,AMBROSIO UND PEDRO,13,ich,PPER,ich,7573,AMBROSIO UND PEDRO,13
tg,kq6g.0,50164,50266,AMBROSIO UND PEDRO,13,Begehren,NN,begehren,7573,,
tg,kq6g.0,50164,50266,AMBROSIO UND PEDRO,13,",","$,",--,7573,,
tg,kq6g.0,50164,50266,AMBROSIO UND PEDRO,13,Doch,KON,doch,7573,,
tg,kq6g.0,50164,50266,AMBROSIO UND PEDRO,13,besser,ADJD,gut,7573,,
tg,kq6g.0,50164,50266,AMBROSIO UND PEDRO,13,wär's,VVFIN,wär,7573,,
tg,kq6g.0,50164,50266,AMBROSIO UND PEDRO,13,",","$,",--,7573,,
tg,kq6g.0,50164,50266,AMBROSIO UND PEDRO,13,im,APPRART,in,7573,,
tg,kq6g.0,50164,50266,AMBROSIO UND PEDRO,13,Hinterhalt,NN,hinterhalt,7573,,
tg,kq6g.0,50164,50266,AMBROSIO UND PEDRO,13,"!",$.,--,7573,,
tg,kq6g.0,50272,50335,"Vasco, (Baß)",3,Haut,NN,haut,7573,,
tg,kq6g.0,50272,50335,"Vasco, (Baß)",3,ein,ART,ein,7573,,
tg,kq6g.0,50272,50335,"Vasco, (Baß)",3,"!",$.,--,7573,,
tg,kq6g.0,50272,50335,"Vasco, (Baß)",3,Haut,NN,haut,7573,,
tg,kq6g.0,50272,50335,"Vasco, (Baß)",3,ein,ART,ein,7573,,
tg,kq6g.0,50272,50335,"Vasco, (Baß)",3,"!",$.,--,7573,,
tg,kq6g.0,50272,50335,"Vasco, (Baß)",3,Und,KON,und,7573,,
tg,kq6g.0,50272,50335,"Vasco, (Baß)",3,scheuet,VVFIN,scheuen,7573,,
tg,kq6g.0,50272,50335,"Vasco, (Baß)",3,nicht,PTKNEG,nicht,7573,,
tg,kq6g.0,50272,50335,"Vasco, (Baß)",3,den,ART,der,7573,,
tg,kq6g.0,50272,50335,"Vasco, (Baß)",3,Schall,NN,schall,7573,,
tg,kq6g.0,50272,50335,"Vasco, (Baß)",3,"!",$.,--,7573,,
tg,kq6g.0,50340,50591,JÄGER,18,Mein,PPOSAT,mein,7573,,
tg,kq6g.0,50340,50591,JÄGER,18,Schwert,NN,schwert,7573,,
tg,kq6g.0,50340,50591,JÄGER,18,bestraft,VVFIN,bestrafen,7573,,
tg,kq6g.0,50340,50591,JÄGER,18,den,ART,der,7573,,
tg,kq6g.0,50340,50591,JÄGER,18,frechen,ADJA,frechen,7573,,
tg,kq6g.0,50340,50591,JÄGER,18,Überfall,NN,überfall,7573,,
tg,kq6g.0,50340,50591,JÄGER,18,"!",$.,--,7573,,
tg,kq6g.0,50597,50737,JÄGER,18,Halt,NN,halten,7573,,
tg,kq6g.0,50597,50737,JÄGER,18,"!",$.,--,7573,,
tg,kq6g.0,50743,50816,JÄGER,18,Noch,ADV,noch,7573,,
tg,kq6g.0,50743,50816,JÄGER,18,schon,ADV,schon,7573,,
tg,kq6g.0,50743,50816,JÄGER,18,',$[,--,7573,,
tg,kq6g.0,50743,50816,JÄGER,18,ich,PPER,ich,7573,JÄGER,18
tg,kq6g.0,50743,50816,JÄGER,18,euch,PRF,euch,7573,,
tg,kq6g.0,50743,50816,JÄGER,18,"!",$.,--,7573,,
tg,kq6g.0,50743,50816,JÄGER,18,Doch,KON,doch,7573,,
tg,kq6g.0,50743,50816,JÄGER,18,knieet,VVFIN,knieen,7573,,
tg,kq6g.0,50743,50816,JÄGER,18,nieder,PTKVZ,nieder,7573,,
tg,kq6g.0,50743,50816,JÄGER,18,alle,PIDAT,aller,7573,ALLE,22
tg,kq6g.0,50743,50816,JÄGER,18,gleich,ADJD,gleich,7573,,
tg,kq6g.0,50743,50816,JÄGER,18,"!",$.,--,7573,,
tg,kq6g.0,50743,50816,JÄGER,18,Ich,PPER,ich,7573,,
tg,kq6g.0,50743,50816,JÄGER,18,bin,VAFIN,sein,7573,,
tg,kq6g.0,50743,50816,JÄGER,18,–,XY,–,7573,,
tg,kq6g.0,50822,50841,"Vasco, (Baß)",3,Gilt,VVIMP,gilt,7573,,
tg,kq6g.0,50822,50841,"Vasco, (Baß)",3,gleich,PTKVZ,gleich,7573,,
tg,kq6g.0,50822,50841,"Vasco, (Baß)",3,"!",$.,--,7573,,
tg,kq6g.0,50846,50901,"Pedro, (Baß), Hirten",4,Hör,NE,hör,7573,,
tg,kq6g.0,50846,50901,"Pedro, (Baß), Hirten",4,doch,ADV,doch,7573,,
tg,kq6g.0,50846,50901,"Pedro, (Baß), Hirten",4,",","$,",--,7573,,
tg,kq6g.0,50846,50901,"Pedro, (Baß), Hirten",4,wie,PWAV,wie,7573,,
tg,kq6g.0,50846,50901,"Pedro, (Baß), Hirten",4,er,PPER,er,7573,,
tg,kq6g.0,50846,50901,"Pedro, (Baß), Hirten",4,sich,PRF,sich,7573,,
tg,kq6g.0,50846,50901,"Pedro, (Baß), Hirten",4,nennt,VVFIN,nennen,7573,,
tg,kq6g.0,50846,50901,"Pedro, (Baß), Hirten",4,.,$.,--,7573,,
tg,kq6g.0,50906,51014,JÄGER,18,Ihr,PPOSAT,ihr,7573,,
tg,kq6g.0,50906,51014,JÄGER,18,Schurken,NN,schurke,7573,,
tg,kq6g.0,50906,51014,JÄGER,18,",","$,",--,7573,,
tg,kq6g.0,50906,51014,JÄGER,18,bebt,VVFIN,beben,7573,,
tg,kq6g.0,50906,51014,JÄGER,18,"!",$.,--,7573,,
tg,kq6g.0,50906,51014,JÄGER,18,Ich,PPER,ich,7573,,
tg,kq6g.0,50906,51014,JÄGER,18,bin,VAFIN,sein,7573,,
tg,kq6g.0,50906,51014,JÄGER,18,der,ART,der,7573,,
tg,kq6g.0,50906,51014,JÄGER,18,Prinzregent,NN,prinzregent,7573,,
tg,kq6g.0,50906,51014,JÄGER,18,"!",$.,--,7573,,
tg,kq6g.0,51020,51382,"Vasco, (Baß)",3,Ihr,PPOSAT,ihr,7573,,
tg,kq6g.0,51020,51382,"Vasco, (Baß)",3,Memmen,NN,memmen,7573,,
tg,kq6g.0,51020,51382,"Vasco, (Baß)",3,"!",$.,--,7573,,
tg,kq6g.0,51020,51382,"Vasco, (Baß)",3,Auf,APPR,auf,7573,,
tg,kq6g.0,51020,51382,"Vasco, (Baß)",3,jetzt,ADV,jetzt,7573,,
tg,kq6g.0,51020,51382,"Vasco, (Baß)",3,von,APPR,von,7573,,
tg,kq6g.0,51020,51382,"Vasco, (Baß)",3,der,ART,der,7573,,
tg,kq6g.0,51020,51382,"Vasco, (Baß)",3,Erden,NN,erde,7573,,
tg,kq6g.0,51020,51382,"Vasco, (Baß)",3,"!",$.,--,7573,,
tg,kq6g.0,51020,51382,"Vasco, (Baß)",3,Wollt,NE,wollen,7573,,
tg,kq6g.0,51020,51382,"Vasco, (Baß)",3,ihr,PPOSAT,ihr,7573,,
tg,kq6g.0,51020,51382,"Vasco, (Baß)",3,gevierteilt,VVPP,geviteilen,7573,,
tg,kq6g.0,51020,51382,"Vasco, (Baß)",3,werden,VAINF,werden,7573,,
tg,kq6g.0,51020,51382,"Vasco, (Baß)",3,?,$.,--,7573,,
tg,kq6g.0,51020,51382,"Vasco, (Baß)",3,Du,PPER,du,7573,,
tg,kq6g.0,51020,51382,"Vasco, (Baß)",3,stürzest,VVFIN,stürzest,7573,,
tg,kq6g.0,51020,51382,"Vasco, (Baß)",3,selbst,ADV,selbst,7573,,
tg,kq6g.0,51020,51382,"Vasco, (Baß)",3,dich,PRF,dich,7573,,
tg,kq6g.0,51020,51382,"Vasco, (Baß)",3,in,APPR,in,7573,,
tg,kq6g.0,51020,51382,"Vasco, (Baß)",3,dein,PPOSAT,dein,7573,,
tg,kq6g.0,51020,51382,"Vasco, (Baß)",3,Blut,NN,blut,7573,,
tg,kq6g.0,51020,51382,"Vasco, (Baß)",3,",","$,",--,7573,,
tg,kq6g.0,51020,51382,"Vasco, (Baß)",3,Streng,NN,streng,7573,,
tg,kq6g.0,51020,51382,"Vasco, (Baß)",3,sei,VAFIN,sein,7573,,
tg,kq6g.0,51020,51382,"Vasco, (Baß)",3,bestraft,VVFIN,bestrafen,7573,,
tg,kq6g.0,51020,51382,"Vasco, (Baß)",3,dein,PPOSAT,dein,7573,,
tg,kq6g.0,51020,51382,"Vasco, (Baß)",3,Übermut,NN,übermut,7573,,
tg,kq6g.0,51020,51382,"Vasco, (Baß)",3,.,$.,--,7573,,
tg,kq6g.0,51388,51560,"Ambrosio, ein alter Hirt, (Baß)",1,Weh,NE,weh,7573,,
tg,kq6g.0,51388,51560,"Ambrosio, ein alter Hirt, (Baß)",1,',$[,--,7573,,
tg,kq6g.0,51388,51560,"Ambrosio, ein alter Hirt, (Baß)",1,mir,PPER,sich,7573,"Ambrosio, ein alter Hirt, (Baß)",1
tg,kq6g.0,51388,51560,"Ambrosio, ein alter Hirt, (Baß)",1,"!",$.,--,7573,,
tg,kq6g.0,51388,51560,"Ambrosio, ein alter Hirt, (Baß)",1,Mein,PPOSAT,mein,7573,,
tg,kq6g.0,51388,51560,"Ambrosio, ein alter Hirt, (Baß)",1,Arm,NN,arm,7573,,
tg,kq6g.0,51388,51560,"Ambrosio, ein alter Hirt, (Baß)",1,"!",$.,--,7573,,
tg,kq6g.0,51566,51696,JÄGER,18,Entfliehe,NN,entfliehe,7573,,
tg,kq6g.0,51566,51696,JÄGER,18,",","$,",--,7573,,
tg,kq6g.0,51566,51696,JÄGER,18,Mordgeselle,NN,mordgeselle,7573,,
tg,kq6g.0,51566,51696,JÄGER,18,"!",$.,--,7573,,
tg,kq6g.0,51702,51803,"Vasco, (Baß)",3,So,ADV,so,7573,,
tg,kq6g.0,51702,51803,"Vasco, (Baß)",3,bist,VAFIN,sein,7573,,
tg,kq6g.0,51702,51803,"Vasco, (Baß)",3,du,PPER,du,7573,,
tg,kq6g.0,51702,51803,"Vasco, (Baß)",3,mein,PPOSAT,mein,7573,"Vasco, (Baß)",3
tg,kq6g.0,51702,51803,"Vasco, (Baß)",3,",","$,",--,7573,,
tg,kq6g.0,51702,51803,"Vasco, (Baß)",3,ich,PPER,ich,7573,"Vasco, (Baß)",3
tg,kq6g.0,51702,51803,"Vasco, (Baß)",3,sende,ADJA,send,7573,,
tg,kq6g.0,51702,51803,"Vasco, (Baß)",3,dich,PRF,dich,7573,,
tg,kq6g.0,51702,51803,"Vasco, (Baß)",3,zur,APPRART,zu,7573,,
tg,kq6g.0,51702,51803,"Vasco, (Baß)",3,Hölle,NN,hölle,7573,,
tg,kq6g.0,51702,51803,"Vasco, (Baß)",3,"!",$.,--,7573,,
tg,kq6g.0,51808,52059,JÄGER,18,Sie,PPER,sie,7573,,
tg,kq6g.0,51808,52059,JÄGER,18,wird,VAFIN,werden,7573,,
tg,kq6g.0,51808,52059,JÄGER,18,dir,PPER,dir,7573,,
tg,kq6g.0,51808,52059,JÄGER,18,selbst,ADV,selbst,7573,,
tg,kq6g.0,51808,52059,JÄGER,18,zum,APPRART,zu,7573,,
tg,kq6g.0,51808,52059,JÄGER,18,Grab,NN,grab,7573,,
tg,kq6g.0,51808,52059,JÄGER,18,"!",$.,--,7573,,
tg,kq6g.0,52065,52392,JÄGER,18,Mein,PPOSAT,mein,7573,,
tg,kq6g.0,52065,52392,JÄGER,18,Arm,NN,arm,7573,,
tg,kq6g.0,52065,52392,JÄGER,18,stürzt,VVFIN,stürzen,7573,,
tg,kq6g.0,52065,52392,JÄGER,18,dich,PPER,dich,7573,,
tg,kq6g.0,52065,52392,JÄGER,18,hinab,VVFIN,hinab,7573,,
tg,kq6g.0,52065,52392,JÄGER,18,"!",$.,--,7573,,
tg,kq6g.0,52550,52625,JÄGER,18,Ha,NN,ha,7573,,
tg,kq6g.0,52550,52625,JÄGER,18,",","$,",--,7573,,
tg,kq6g.0,52550,52625,JÄGER,18,Bube,NN,bube,7573,,
tg,kq6g.0,52550,52625,JÄGER,18,–,XY,–,7573,,
tg,kq6g.0,52550,52625,JÄGER,18,"!",$.,--,7573,,
tg,kq6g.0,52630,52732,"Gabriele, seine Nichte, (Sopran)",2,Lieber,ADJD,lieb,7573,,
tg,kq6g.0,52630,52732,"Gabriele, seine Nichte, (Sopran)",2,Herr,NN,herr,7573,,
tg,kq6g.0,52630,52732,"Gabriele, seine Nichte, (Sopran)",2,",","$,",--,7573,,
tg,kq6g.0,52630,52732,"Gabriele, seine Nichte, (Sopran)",2,laßt,VVFIN,lassen,7573,,
tg,kq6g.0,52630,52732,"Gabriele, seine Nichte, (Sopran)",2,ab,PTKVZ,ab,7573,,
tg,kq6g.0,52630,52732,"Gabriele, seine Nichte, (Sopran)",2,"!",$.,--,7573,,
tg,kq6g.0,52630,52732,"Gabriele, seine Nichte, (Sopran)",2,Es,PPER,es,7573,,
tg,kq6g.0,52630,52732,"Gabriele, seine Nichte, (Sopran)",2,ist,VAFIN,sein,7573,,
tg,kq6g.0,52630,52732,"Gabriele, seine Nichte, (Sopran)",2,ein,ART,ein,7573,,
tg,kq6g.0,52630,52732,"Gabriele, seine Nichte, (Sopran)",2,Freund,NN,freund,7573,,
tg,kq6g.0,52630,52732,"Gabriele, seine Nichte, (Sopran)",2,",","$,",--,7573,,
tg,kq6g.0,52630,52732,"Gabriele, seine Nichte, (Sopran)",2,Und,KON,und,7573,,
tg,kq6g.0,52630,52732,"Gabriele, seine Nichte, (Sopran)",2,Hilfe,NN,hilfe,7573,,
tg,kq6g.0,52630,52732,"Gabriele, seine Nichte, (Sopran)",2,naht,VVFIN,nahen,7573,,
tg,kq6g.0,52630,52732,"Gabriele, seine Nichte, (Sopran)",2,schon,ADV,schon,7573,,
tg,kq6g.0,52630,52732,"Gabriele, seine Nichte, (Sopran)",2,.,$.,--,7573,,
tg,kq6g.0,52738,52758,JÄGER,18,Wackre,NE,wackr,7573,,
tg,kq6g.0,52738,52758,JÄGER,18,Dirn,NE,dirn,7573,,
tg,kq6g.0,52738,52758,JÄGER,18,',$[,--,7573,,
tg,kq6g.0,52738,52758,JÄGER,18,"!",$.,--,7573,,
tg,kq6g.0,52763,52795,"Gabriele, seine Nichte, (Sopran)",2,Mir,PPER,sich,7573,,
tg,kq6g.0,52763,52795,"Gabriele, seine Nichte, (Sopran)",2,folget,VVFIN,folgen,7573,,
tg,kq6g.0,52763,52795,"Gabriele, seine Nichte, (Sopran)",2,der,ART,der,7573,,
tg,kq6g.0,52763,52795,"Gabriele, seine Nichte, (Sopran)",2,Alkade,NN,alkade,7573,,
tg,kq6g.0,52763,52795,"Gabriele, seine Nichte, (Sopran)",2,.,$.,--,7573,,
tg,kq6g.0,52800,52848,"Gomez, ein junger Hirt, (Tenor)",5,Auch,ADV,auch,7573,,
tg,kq6g.0,52800,52848,"Gomez, ein junger Hirt, (Tenor)",5,Eure,NN,euer,7573,,
tg,kq6g.0,52800,52848,"Gomez, ein junger Hirt, (Tenor)",5,Freunde,NN,freund,7573,,
tg,kq6g.0,52800,52848,"Gomez, ein junger Hirt, (Tenor)",5,folgen,VVFIN,folgen,7573,,
tg,kq6g.0,52800,52848,"Gomez, ein junger Hirt, (Tenor)",5,mir,PPER,sich,7573,"Gomez, ein junger Hirt, (Tenor)",5
tg,kq6g.0,52800,52848,"Gomez, ein junger Hirt, (Tenor)",5,.,$.,--,7573,,
tg,kq6g.0,52853,52945,JÄGER,18,Braver,NE,braver,7573,,
tg,kq6g.0,52853,52945,JÄGER,18,wackrer,ADJA,wackr,7573,,
tg,kq6g.0,52853,52945,JÄGER,18,Bursch,NN,bursch,7573,,
tg,kq6g.0,52853,52945,JÄGER,18,"!",$.,--,7573,,
tg,kq6g.0,52853,52945,JÄGER,18,Du,PPER,du,7573,,
tg,kq6g.0,52853,52945,JÄGER,18,holdes,PIS,hold,7573,,
tg,kq6g.0,52853,52945,JÄGER,18,Mädchen,NN,mädchen,7573,,
tg,kq6g.0,52853,52945,JÄGER,18,",","$,",--,7573,,
tg,kq6g.0,52853,52945,JÄGER,18,könnt,VVFIN,können,7573,,
tg,kq6g.0,52853,52945,JÄGER,18,',$[,--,7573,,
tg,kq6g.0,52853,52945,JÄGER,18,ich,PPER,ich,7573,JÄGER,18
tg,kq6g.0,52853,52945,JÄGER,18,dir,PRF,dir,7573,,
tg,kq6g.0,52853,52945,JÄGER,18,vergelten,VVFIN,vergeln,7573,,
tg,kq6g.0,52853,52945,JÄGER,18,.,$.,--,7573,,
tg,kq6g.0,52950,53080,"Gabriele, seine Nichte, (Sopran)",2,Wollt,NE,wollen,7573,,
tg,kq6g.0,52950,53080,"Gabriele, seine Nichte, (Sopran)",2,Ihr,PPOSAT,ihr,7573,,
tg,kq6g.0,52950,53080,"Gabriele, seine Nichte, (Sopran)",2,vergelten,ADJA,vergeln,7573,,
tg,kq6g.0,52950,53080,"Gabriele, seine Nichte, (Sopran)",2,",","$,",--,7573,,
tg,kq6g.0,52950,53080,"Gabriele, seine Nichte, (Sopran)",2,So,ADV,so,7573,,
tg,kq6g.0,52950,53080,"Gabriele, seine Nichte, (Sopran)",2,denkt,VVFIN,denken,7573,,
tg,kq6g.0,52950,53080,"Gabriele, seine Nichte, (Sopran)",2,meiner,PPOSAT,mein,7573,"Gabriele, seine Nichte, (Sopran)",2
tg,kq6g.0,52950,53080,"Gabriele, seine Nichte, (Sopran)",2,Bitte,NN,bitte,7573,,
tg,kq6g.0,52950,53080,"Gabriele, seine Nichte, (Sopran)",2,.,$.,--,7573,,
tg,kq6g.0,53086,53397,JÄGER,18,Ha,NN,ha,7573,,
tg,kq6g.0,53086,53397,JÄGER,18,"!",$.,--,7573,,
tg,kq6g.0,53403,53453,CHOR DER HIRTEN,16,Was,PWS,was,7573,,
tg,kq6g.0,53403,53453,CHOR DER HIRTEN,16,soll,VMFIN,sollen,7573,,
tg,kq6g.0,53403,53453,CHOR DER HIRTEN,16,des,ART,der,7573,,
tg,kq6g.0,53403,53453,CHOR DER HIRTEN,16,Hornes,ADJA,horn,7573,,
tg,kq6g.0,53403,53453,CHOR DER HIRTEN,16,Ruf,NN,ruf,7573,,
tg,kq6g.0,53403,53453,CHOR DER HIRTEN,16,bedeuten,VVINF,bedeuten,7573,,
tg,kq6g.0,53403,53453,CHOR DER HIRTEN,16,?,$.,--,7573,,
tg,kq6g.0,53459,53630,CHOR DER JÄGER,23,Sein,PPOSAT,sein,7573,,
tg,kq6g.0,53459,53630,CHOR DER JÄGER,23,Horn,NN,horn,7573,,
tg,kq6g.0,53459,53630,CHOR DER JÄGER,23,erschallt,VVFIN,erschallen,7573,,
tg,kq6g.0,53459,53630,CHOR DER JÄGER,23,Durch,APPR,durch,7573,,
tg,kq6g.0,53459,53630,CHOR DER JÄGER,23,Flur,NN,flur,7573,,
tg,kq6g.0,53459,53630,CHOR DER JÄGER,23,und,KON,und,7573,,
tg,kq6g.0,53459,53630,CHOR DER JÄGER,23,Wald,NN,wald,7573,,
tg,kq6g.0,53459,53630,CHOR DER JÄGER,23,",","$,",--,7573,,
tg,kq6g.0,53459,53630,CHOR DER JÄGER,23,Hier,ADV,hier,7573,,
tg,kq6g.0,53459,53630,CHOR DER JÄGER,23,ist's,VVFIN,ist's,7573,,
tg,kq6g.0,53459,53630,CHOR DER JÄGER,23,",","$,",--,7573,,
tg,kq6g.0,53459,53630,CHOR DER JÄGER,23,hier,ADV,hier,7573,,
tg,kq6g.0,53459,53630,CHOR DER JÄGER,23,muß,VMFIN,müssen,7573,,
tg,kq6g.0,53459,53630,CHOR DER JÄGER,23,er,PPER,er,7573,,
tg,kq6g.0,53459,53630,CHOR DER JÄGER,23,sein,VAINF,sein,7573,,
tg,kq6g.0,53459,53630,CHOR DER JÄGER,23,"!",$.,--,7573,,
tg,kq6g.0,53459,53630,CHOR DER JÄGER,23,Nur,ADV,nur,7573,,
tg,kq6g.0,53459,53630,CHOR DER JÄGER,23,rasch,ADJD,rasch,7573,,
tg,kq6g.0,53459,53630,CHOR DER JÄGER,23,hinan,ADJD,hinan,7573,,
tg,kq6g.0,53459,53630,CHOR DER JÄGER,23,Die,ART,der,7573,,
tg,kq6g.0,53459,53630,CHOR DER JÄGER,23,Hoffnungsbahn,NN,hoffnungsbahn,7573,,
tg,kq6g.0,53459,53630,CHOR DER JÄGER,23,",","$,",--,7573,,
tg,kq6g.0,53459,53630,CHOR DER JÄGER,23,Ins,APPRART,in,7573,,
tg,kq6g.0,53459,53630,CHOR DER JÄGER,23,Räuberschloß,NN,räuberschloß,7573,,
tg,kq6g.0,53459,53630,CHOR DER JÄGER,23,hinein,PTKVZ,hinein,7573,,
tg,kq6g.0,53459,53630,CHOR DER JÄGER,23,"!",$.,--,7573,,
tg,kq6g.0,53636,53691,GABRIELE UND GOMEZ,20,Es,PPER,es,7573,,
tg,kq6g.0,53636,53691,GABRIELE UND GOMEZ,20,wogt,VVFIN,wogen,7573,,
tg,kq6g.0,53636,53691,GABRIELE UND GOMEZ,20,im,APPRART,in,7573,,
tg,kq6g.0,53636,53691,GABRIELE UND GOMEZ,20,Thal,NN,thal,7573,,
tg,kq6g.0,53636,53691,GABRIELE UND GOMEZ,20,von,APPR,von,7573,,
tg,kq6g.0,53636,53691,GABRIELE UND GOMEZ,20,Roß,NN,roß,7573,,
tg,kq6g.0,53636,53691,GABRIELE UND GOMEZ,20,und,KON,und,7573,,
tg,kq6g.0,53636,53691,GABRIELE UND GOMEZ,20,Leuten,NN,leute,7573,,
tg,kq6g.0,53636,53691,GABRIELE UND GOMEZ,20,"!",$.,--,7573,,
tg,kq6g.0,53696,53897,CHOR DER HIRTEN,16,Das,ART,der,7573,,
tg,kq6g.0,53696,53897,CHOR DER HIRTEN,16,Horn,NN,horn,7573,,
tg,kq6g.0,53696,53897,CHOR DER HIRTEN,16,erschallt,VVFIN,erschallen,7573,,
tg,kq6g.0,53696,53897,CHOR DER HIRTEN,16,Durch,APPR,durch,7573,,
tg,kq6g.0,53696,53897,CHOR DER HIRTEN,16,Flur,NN,flur,7573,,
tg,kq6g.0,53696,53897,CHOR DER HIRTEN,16,und,KON,und,7573,,
tg,kq6g.0,53696,53897,CHOR DER HIRTEN,16,Wald,NN,wald,7573,,
tg,kq6g.0,53696,53897,CHOR DER HIRTEN,16,",","$,",--,7573,,
tg,kq6g.0,53696,53897,CHOR DER HIRTEN,16,Was,PWS,was,7573,,
tg,kq6g.0,53696,53897,CHOR DER HIRTEN,16,ist's,VVFIN,ist,7573,,
tg,kq6g.0,53696,53897,CHOR DER HIRTEN,16,",","$,",--,7573,,
tg,kq6g.0,53696,53897,CHOR DER HIRTEN,16,was,PWS,was,7573,,
tg,kq6g.0,53696,53897,CHOR DER HIRTEN,16,kann,VMFIN,können,7573,,
tg,kq6g.0,53696,53897,CHOR DER HIRTEN,16,es,PPER,es,7573,,
tg,kq6g.0,53696,53897,CHOR DER HIRTEN,16,sein,VAINF,sein,7573,,
tg,kq6g.0,53696,53897,CHOR DER HIRTEN,16,?,$.,--,7573,,
tg,kq6g.0,53696,53897,CHOR DER HIRTEN,16,Vom,APPRART,von,7573,,
tg,kq6g.0,53696,53897,CHOR DER HIRTEN,16,Wald,NN,wald,7573,,
tg,kq6g.0,53696,53897,CHOR DER HIRTEN,16,heran,PTKVZ,heran,7573,,
tg,kq6g.0,53696,53897,CHOR DER HIRTEN,16,Jagt,VVFIN,jagt,7573,,
tg,kq6g.0,53696,53897,CHOR DER HIRTEN,16,Roß,NN,roß,7573,,
tg,kq6g.0,53696,53897,CHOR DER HIRTEN,16,und,KON,und,7573,,
tg,kq6g.0,53696,53897,CHOR DER HIRTEN,16,Mann,NN,mann,7573,,
tg,kq6g.0,53696,53897,CHOR DER HIRTEN,16,Im,APPRART,in,7573,,
tg,kq6g.0,53696,53897,CHOR DER HIRTEN,16,hellen,ADJA,hell,7573,,
tg,kq6g.0,53696,53897,CHOR DER HIRTEN,16,Fackelschein,NN,fackelschein,7573,,
tg,kq6g.0,53696,53897,CHOR DER HIRTEN,16,.,$.,--,7573,,
tg,kq6g.0,53903,54593,CHOR DER JÄGER,23,Sein,PPOSAT,sein,7573,,
tg,kq6g.0,53903,54593,CHOR DER JÄGER,23,Horn,NN,horn,7573,,
tg,kq6g.0,53903,54593,CHOR DER JÄGER,23,erschallt,VVFIN,erschallen,7573,,
tg,kq6g.0,53903,54593,CHOR DER JÄGER,23,Durch,APPR,durch,7573,,
tg,kq6g.0,53903,54593,CHOR DER JÄGER,23,Flur,NN,flur,7573,,
tg,kq6g.0,53903,54593,CHOR DER JÄGER,23,und,KON,und,7573,,
tg,kq6g.0,53903,54593,CHOR DER JÄGER,23,Wald,NN,wald,7573,,
tg,kq6g.0,53903,54593,CHOR DER JÄGER,23,",","$,",--,7573,,
tg,kq6g.0,53903,54593,CHOR DER JÄGER,23,Hier,ADV,hier,7573,,
tg,kq6g.0,53903,54593,CHOR DER JÄGER,23,ist's,VVFIN,ist's,7573,,
tg,kq6g.0,53903,54593,CHOR DER JÄGER,23,",","$,",--,7573,,
tg,kq6g.0,53903,54593,CHOR DER JÄGER,23,hier,ADV,hier,7573,,
tg,kq6g.0,53903,54593,CHOR DER JÄGER,23,muß,VMFIN,müssen,7573,,
tg,kq6g.0,53903,54593,CHOR DER JÄGER,23,er,PPER,er,7573,,
tg,kq6g.0,53903,54593,CHOR DER JÄGER,23,sein,VAINF,sein,7573,,
tg,kq6g.0,53903,54593,CHOR DER JÄGER,23,"!",$.,--,7573,,
tg,kq6g.0,53903,54593,CHOR DER JÄGER,23,Nur,ADV,nur,7573,,
tg,kq6g.0,53903,54593,CHOR DER JÄGER,23,rasch,ADJD,rasch,7573,,
tg,kq6g.0,53903,54593,CHOR DER JÄGER,23,hinan,ADJD,hinan,7573,,
tg,kq6g.0,53903,54593,CHOR DER JÄGER,23,Die,ART,der,7573,,
tg,kq6g.0,53903,54593,CHOR DER JÄGER,23,Hoffnungsbahn,NN,hoffnungsbahn,7573,,
tg,kq6g.0,53903,54593,CHOR DER JÄGER,23,",","$,",--,7573,,
tg,kq6g.0,53903,54593,CHOR DER JÄGER,23,Ins,APPRART,in,7573,,
tg,kq6g.0,53903,54593,CHOR DER JÄGER,23,Räuberschloß,NN,räuberschloß,7573,,
tg,kq6g.0,53903,54593,CHOR DER JÄGER,23,hinein,PTKVZ,hinein,7573,,
tg,kq6g.0,53903,54593,CHOR DER JÄGER,23,"!",$.,--,7573,,
tg,kq6g.0,53903,54593,CHOR DER JÄGER,23,GOMEZ,NE,gomez,7573,,
tg,kq6g.0,53903,54593,CHOR DER JÄGER,23,",","$,",--,7573,,
tg,kq6g.0,53903,54593,CHOR DER JÄGER,23,ALKALDE,NN,alkalde,7573,,
tg,kq6g.0,53903,54593,CHOR DER JÄGER,23,UND,KON,und,7573,,
tg,kq6g.0,53903,54593,CHOR DER JÄGER,23,CHOR,NE,chor,7573,CHOR DER HIRTEN,16
tg,kq6g.0,53903,54593,CHOR DER JÄGER,23,DER,NE,der,7573,,
tg,kq6g.0,53903,54593,CHOR DER JÄGER,23,HIRTEN,NE,hirten,7573,,
tg,kq6g.0,53903,54593,CHOR DER JÄGER,23,.,$.,--,7573,,
tg,kq6g.0,53903,54593,CHOR DER JÄGER,23,Das,ART,der,7573,,
tg,kq6g.0,53903,54593,CHOR DER JÄGER,23,Horn,NN,horn,7573,,
tg,kq6g.0,53903,54593,CHOR DER JÄGER,23,erschallt,VVFIN,erschallen,7573,,
tg,kq6g.0,53903,54593,CHOR DER JÄGER,23,Durch,APPR,durch,7573,,
tg,kq6g.0,53903,54593,CHOR DER JÄGER,23,Flur,NN,flur,7573,,
tg,kq6g.0,53903,54593,CHOR DER JÄGER,23,und,KON,und,7573,,
tg,kq6g.0,53903,54593,CHOR DER JÄGER,23,Wald,NN,wald,7573,,
tg,kq6g.0,53903,54593,CHOR DER JÄGER,23,",","$,",--,7573,,
tg,kq6g.0,53903,54593,CHOR DER JÄGER,23,Was,PWS,was,7573,,
tg,kq6g.0,53903,54593,CHOR DER JÄGER,23,ist's,VVFIN,ist,7573,,
tg,kq6g.0,53903,54593,CHOR DER JÄGER,23,",","$,",--,7573,,
tg,kq6g.0,53903,54593,CHOR DER JÄGER,23,was,PWS,was,7573,,
tg,kq6g.0,53903,54593,CHOR DER JÄGER,23,kann,VMFIN,können,7573,,
tg,kq6g.0,53903,54593,CHOR DER JÄGER,23,es,PPER,es,7573,,
tg,kq6g.0,53903,54593,CHOR DER JÄGER,23,sein,VAINF,sein,7573,,
tg,kq6g.0,53903,54593,CHOR DER JÄGER,23,"!",$.,--,7573,,
tg,kq6g.0,53903,54593,CHOR DER JÄGER,23,Vom,APPRART,von,7573,,
tg,kq6g.0,53903,54593,CHOR DER JÄGER,23,Wald,NN,wald,7573,,
tg,kq6g.0,53903,54593,CHOR DER JÄGER,23,heran,PTKVZ,heran,7573,,
tg,kq6g.0,53903,54593,CHOR DER JÄGER,23,Jagt,VVFIN,jagt,7573,,
tg,kq6g.0,53903,54593,CHOR DER JÄGER,23,Roß,NN,roß,7573,,
tg,kq6g.0,53903,54593,CHOR DER JÄGER,23,und,KON,und,7573,,
tg,kq6g.0,53903,54593,CHOR DER JÄGER,23,Mann,NN,mann,7573,,
tg,kq6g.0,53903,54593,CHOR DER JÄGER,23,Im,APPRART,in,7573,,
tg,kq6g.0,53903,54593,CHOR DER JÄGER,23,hellen,ADJA,hell,7573,,
tg,kq6g.0,53903,54593,CHOR DER JÄGER,23,Fackelschein,NN,fackelschein,7573,,
tg,kq6g.0,53903,54593,CHOR DER JÄGER,23,.,$.,--,7573,,
tg,kq6g.0,54758,54930,OTTO,11,Ihr,PPOSAT,ihr,7573,,
tg,kq6g.0,54758,54930,OTTO,11,seid's,ADJD,seid,7573,,
tg,kq6g.0,54758,54930,OTTO,11,",","$,",--,7573,,
tg,kq6g.0,54758,54930,OTTO,11,mein,PPOSAT,mein,7573,OTTO,11
tg,kq6g.0,54758,54930,OTTO,11,Prinz,NN,prinz,7573,,
tg,kq6g.0,54758,54930,OTTO,11,"!",$.,--,7573,,
tg,kq6g.0,54935,55118,ALLE,22,Es,PPER,es,7573,,
tg,kq6g.0,54935,55118,ALLE,22,ist,VAFIN,sein,7573,,
tg,kq6g.0,54935,55118,ALLE,22,der,ART,der,7573,,
tg,kq6g.0,54935,55118,ALLE,22,Prinzregent,NN,prinzregent,7573,,
tg,kq6g.0,54935,55118,ALLE,22,"!",$.,--,7573,,
tg,kq6g.0,54935,55118,ALLE,22,Der,ART,der,7573,,
tg,kq6g.0,54935,55118,ALLE,22,Prinzregent,NN,prinzregent,7573,,
tg,kq6g.0,54935,55118,ALLE,22,",","$,",--,7573,,
tg,kq6g.0,54935,55118,ALLE,22,der,ART,der,7573,,
tg,kq6g.0,54935,55118,ALLE,22,Prinzregent,NN,prinzregent,7573,,
tg,kq6g.0,54935,55118,ALLE,22,"!",$.,--,7573,,
tg,kq6g.0,55124,55264,JÄGER,18,Den,ART,der,7573,,
tg,kq6g.0,55124,55264,JÄGER,18,du,PPER,du,7573,,
tg,kq6g.0,55124,55264,JÄGER,18,Jäger,NE,jäger,7573,,
tg,kq6g.0,55124,55264,JÄGER,18,nur,ADV,nur,7573,,
tg,kq6g.0,55124,55264,JÄGER,18,genannt,VVPP,nennen,7573,,
tg,kq6g.0,55124,55264,JÄGER,18,",","$,",--,7573,,
tg,kq6g.0,55124,55264,JÄGER,18,Ist,VAFIN,sein,7573,,
tg,kq6g.0,55124,55264,JÄGER,18,der,ART,der,7573,,
tg,kq6g.0,55124,55264,JÄGER,18,Prinz,NN,prinz,7573,,
tg,kq6g.0,55124,55264,JÄGER,18,",","$,",--,7573,,
tg,kq6g.0,55124,55264,JÄGER,18,ist,VAFIN,sein,7573,,
tg,kq6g.0,55124,55264,JÄGER,18,der,ART,der,7573,,
tg,kq6g.0,55124,55264,JÄGER,18,Infant,FM,infant,7573,,
tg,kq6g.0,55124,55264,JÄGER,18,",","$,",--,7573,,
tg,kq6g.0,55124,55264,JÄGER,18,Er,PPER,er,7573,,
tg,kq6g.0,55124,55264,JÄGER,18,beschützt,VVFIN,beschützen,7573,,
tg,kq6g.0,55124,55264,JÄGER,18,die,ART,der,7573,,
tg,kq6g.0,55124,55264,JÄGER,18,Schäferin,NN,schäferin,7573,,
tg,kq6g.0,55124,55264,JÄGER,18,",","$,",--,7573,,
tg,kq6g.0,55124,55264,JÄGER,18,Denn,KON,denn,7573,,
tg,kq6g.0,55124,55264,JÄGER,18,sein,PPOSAT,sein,7573,,
tg,kq6g.0,55124,55264,JÄGER,18,Herz,NN,herz,7573,,
tg,kq6g.0,55124,55264,JÄGER,18,nur,ADV,nur,7573,,
tg,kq6g.0,55124,55264,JÄGER,18,leitet,VVFIN,leiten,7573,,
tg,kq6g.0,55124,55264,JÄGER,18,ihn,PPER,ihn,7573,,
tg,kq6g.0,55124,55264,JÄGER,18,.,$.,--,7573,,
tg,kq6g.0,55272,55416,CHOR DER HIRTEN,16,Der,PDS,der,7573,,
tg,kq6g.0,55272,55416,CHOR DER HIRTEN,16,ein,ART,ein,7573,,
tg,kq6g.0,55272,55416,CHOR DER HIRTEN,16,Jäger,NE,jäger,7573,,
tg,kq6g.0,55272,55416,CHOR DER HIRTEN,16,sich,PRF,sich,7573,,
tg,kq6g.0,55272,55416,CHOR DER HIRTEN,16,genannt,VVPP,nennen,7573,,
tg,kq6g.0,55272,55416,CHOR DER HIRTEN,16,",","$,",--,7573,,
tg,kq6g.0,55272,55416,CHOR DER HIRTEN,16,Ist,VAFIN,sein,7573,,
tg,kq6g.0,55272,55416,CHOR DER HIRTEN,16,der,ART,der,7573,,
tg,kq6g.0,55272,55416,CHOR DER HIRTEN,16,Prinz,NN,prinz,7573,,
tg,kq6g.0,55272,55416,CHOR DER HIRTEN,16,",","$,",--,7573,,
tg,kq6g.0,55272,55416,CHOR DER HIRTEN,16,ist,VAFIN,sein,7573,,
tg,kq6g.0,55272,55416,CHOR DER HIRTEN,16,der,ART,der,7573,,
tg,kq6g.0,55272,55416,CHOR DER HIRTEN,16,Infant,FM,infant,7573,,
tg,kq6g.0,55272,55416,CHOR DER HIRTEN,16,.,$.,--,7573,,
tg,kq6g.0,55272,55416,CHOR DER HIRTEN,16,Gern,ADV,gern,7573,,
tg,kq6g.0,55272,55416,CHOR DER HIRTEN,16,verzeiht,VVFIN,verzeihen,7573,,
tg,kq6g.0,55272,55416,CHOR DER HIRTEN,16,sein,PPOSAT,sein,7573,,
tg,kq6g.0,55272,55416,CHOR DER HIRTEN,16,milder,ADJA,mild,7573,,
tg,kq6g.0,55272,55416,CHOR DER HIRTEN,16,Sinn,NN,sinn,7573,,
tg,kq6g.0,55272,55416,CHOR DER HIRTEN,16,",","$,",--,7573,,
tg,kq6g.0,55272,55416,CHOR DER HIRTEN,16,Denn,KON,denn,7573,,
tg,kq6g.0,55272,55416,CHOR DER HIRTEN,16,»,XY,»,7573,,
tg,kq6g.0,55272,55416,CHOR DER HIRTEN,16,den,ART,der,7573,,
tg,kq6g.0,55272,55416,CHOR DER HIRTEN,16,Guten,ADJA,gute,7573,,
tg,kq6g.0,55272,55416,CHOR DER HIRTEN,16,«,NN,«,7573,,
tg,kq6g.0,55272,55416,CHOR DER HIRTEN,16,nennt,VVFIN,nennen,7573,,
tg,kq6g.0,55272,55416,CHOR DER HIRTEN,16,man,PIS,man,7573,,
tg,kq6g.0,55272,55416,CHOR DER HIRTEN,16,ihn,PPER,ihn,7573,,
tg,kq6g.0,55272,55416,CHOR DER HIRTEN,16,.,$.,--,7573,,
tg,kq6g.0,55422,55600,GABRIELE UND GOMEZ,20,Den,ART,der,7573,,
tg,kq6g.0,55422,55600,GABRIELE UND GOMEZ,20,ich,PPER,ich,7573,GABRIELE UND GOMEZ,20
tg,kq6g.0,55422,55600,GABRIELE UND GOMEZ,20,/,VVFIN,--,7573,,
tg,kq6g.0,55422,55600,GABRIELE UND GOMEZ,20,du,PPER,du,7573,,
tg,kq6g.0,55422,55600,GABRIELE UND GOMEZ,20,Jäger,NE,jäger,7573,,
tg,kq6g.0,55422,55600,GABRIELE UND GOMEZ,20,nur,ADV,nur,7573,,
tg,kq6g.0,55422,55600,GABRIELE UND GOMEZ,20,genannt,VVPP,nennen,7573,,
tg,kq6g.0,55422,55600,GABRIELE UND GOMEZ,20,",","$,",--,7573,,
tg,kq6g.0,55422,55600,GABRIELE UND GOMEZ,20,Ist,VAFIN,sein,7573,,
tg,kq6g.0,55422,55600,GABRIELE UND GOMEZ,20,der,ART,der,7573,,
tg,kq6g.0,55422,55600,GABRIELE UND GOMEZ,20,Prinz,NN,prinz,7573,,
tg,kq6g.0,55422,55600,GABRIELE UND GOMEZ,20,",","$,",--,7573,,
tg,kq6g.0,55422,55600,GABRIELE UND GOMEZ,20,ist,VAFIN,sein,7573,,
tg,kq6g.0,55422,55600,GABRIELE UND GOMEZ,20,der,ART,der,7573,,
tg,kq6g.0,55422,55600,GABRIELE UND GOMEZ,20,Infant,FM,infant,7573,,
tg,kq6g.0,55422,55600,GABRIELE UND GOMEZ,20,.,$.,--,7573,,
tg,kq6g.0,55422,55600,GABRIELE UND GOMEZ,20,Er,PPER,er,7573,,
tg,kq6g.0,55422,55600,GABRIELE UND GOMEZ,20,beschützt,VVFIN,beschützen,7573,,
tg,kq6g.0,55422,55600,GABRIELE UND GOMEZ,20,die,ART,der,7573,,
tg,kq6g.0,55422,55600,GABRIELE UND GOMEZ,20,Schäferin,NN,schäferin,7573,,
tg,kq6g.0,55422,55600,GABRIELE UND GOMEZ,20,"!",$.,--,7573,,
tg,kq6g.0,55422,55600,GABRIELE UND GOMEZ,20,Den,ART,der,7573,,
tg,kq6g.0,55422,55600,GABRIELE UND GOMEZ,20,ich,PPER,ich,7573,GABRIELE UND GOMEZ,20
tg,kq6g.0,55422,55600,GABRIELE UND GOMEZ,20,/,VVFIN,--,7573,,
tg,kq6g.0,55422,55600,GABRIELE UND GOMEZ,20,du,PPER,du,7573,,
tg,kq6g.0,55422,55600,GABRIELE UND GOMEZ,20,Jäger,NE,jäger,7573,,
tg,kq6g.0,55422,55600,GABRIELE UND GOMEZ,20,nur,ADV,nur,7573,,
tg,kq6g.0,55422,55600,GABRIELE UND GOMEZ,20,genannt,VVPP,nennen,7573,,
tg,kq6g.0,55422,55600,GABRIELE UND GOMEZ,20,",","$,",--,7573,,
tg,kq6g.0,55422,55600,GABRIELE UND GOMEZ,20,Ist,VAFIN,sein,7573,,
tg,kq6g.0,55422,55600,GABRIELE UND GOMEZ,20,der,ART,der,7573,,
tg,kq6g.0,55422,55600,GABRIELE UND GOMEZ,20,Prinz,NN,prinz,7573,,
tg,kq6g.0,55422,55600,GABRIELE UND GOMEZ,20,",","$,",--,7573,,
tg,kq6g.0,55422,55600,GABRIELE UND GOMEZ,20,ist,VAFIN,sein,7573,,
tg,kq6g.0,55422,55600,GABRIELE UND GOMEZ,20,der,ART,der,7573,,
tg,kq6g.0,55422,55600,GABRIELE UND GOMEZ,20,Infant,FM,infant,7573,,
tg,kq6g.0,55422,55600,GABRIELE UND GOMEZ,20,"!",$.,--,7573,,
tg,kq6g.0,55607,55719,CHOR DER JÄGER,23,Der,ART,der,7573,,
tg,kq6g.0,55607,55719,CHOR DER JÄGER,23,sich,PRF,sich,7573,,
tg,kq6g.0,55607,55719,CHOR DER JÄGER,23,Jäger,NE,jäger,7573,,
tg,kq6g.0,55607,55719,CHOR DER JÄGER,23,nur,ADV,nur,7573,,
tg,kq6g.0,55607,55719,CHOR DER JÄGER,23,genannt,VVPP,nennen,7573,,
tg,kq6g.0,55607,55719,CHOR DER JÄGER,23,",","$,",--,7573,,
tg,kq6g.0,55607,55719,CHOR DER JÄGER,23,Ist,VAFIN,sein,7573,,
tg,kq6g.0,55607,55719,CHOR DER JÄGER,23,der,ART,der,7573,,
tg,kq6g.0,55607,55719,CHOR DER JÄGER,23,Prinz,NN,prinz,7573,,
tg,kq6g.0,55607,55719,CHOR DER JÄGER,23,",","$,",--,7573,,
tg,kq6g.0,55607,55719,CHOR DER JÄGER,23,ist,VAFIN,sein,7573,,
tg,kq6g.0,55607,55719,CHOR DER JÄGER,23,der,ART,der,7573,,
tg,kq6g.0,55607,55719,CHOR DER JÄGER,23,Infant,FM,infant,7573,,
tg,kq6g.0,55607,55719,CHOR DER JÄGER,23,.,$.,--,7573,,
tg,kq6g.0,55725,56082,JÄGER,18,Doch,KON,doch,7573,,
tg,kq6g.0,55725,56082,JÄGER,18,nun,ADV,nun,7573,,
tg,kq6g.0,55725,56082,JÄGER,18,zu,APPR,zu,7573,,
tg,kq6g.0,55725,56082,JÄGER,18,dir,PPER,dir,7573,,
tg,kq6g.0,55725,56082,JÄGER,18,",","$,",--,7573,,
tg,kq6g.0,55725,56082,JÄGER,18,du,PPER,du,7573,,
tg,kq6g.0,55725,56082,JÄGER,18,Holde,NE,holde,7573,,
tg,kq6g.0,55725,56082,JÄGER,18,",","$,",--,7573,,
tg,kq6g.0,55725,56082,JÄGER,18,Gute,NN,gute,7573,,
tg,kq6g.0,55725,56082,JÄGER,18,",","$,",--,7573,,
tg,kq6g.0,55725,56082,JÄGER,18,Schöne,NN,schön,7573,,
tg,kq6g.0,55725,56082,JÄGER,18,",","$,",--,7573,,
tg,kq6g.0,55725,56082,JÄGER,18,Die,PRELS,der,7573,,
tg,kq6g.0,55725,56082,JÄGER,18,wie,KOKOM,wie,7573,,
tg,kq6g.0,55725,56082,JÄGER,18,ein,ART,ein,7573,,
tg,kq6g.0,55725,56082,JÄGER,18,Schutzgeist,NN,schutzgeist,7573,,
tg,kq6g.0,55725,56082,JÄGER,18,über,APPR,über,7573,,
tg,kq6g.0,55725,56082,JÄGER,18,mich,PPER,mich,7573,JÄGER,18
tg,kq6g.0,55725,56082,JÄGER,18,gewacht,VVPP,wachen,7573,,
tg,kq6g.0,55725,56082,JÄGER,18,",","$,",--,7573,,
tg,kq6g.0,55725,56082,JÄGER,18,Mit,APPR,mit,7573,,
tg,kq6g.0,55725,56082,JÄGER,18,banger,ADJA,bang,7573,,
tg,kq6g.0,55725,56082,JÄGER,18,Wagnis,NN,wagnis,7573,,
tg,kq6g.0,55725,56082,JÄGER,18,Rettung,NN,rettung,7573,,
tg,kq6g.0,55725,56082,JÄGER,18,mir,PPER,sich,7573,JÄGER,18
tg,kq6g.0,55725,56082,JÄGER,18,gebracht,VVPP,bringen,7573,,
tg,kq6g.0,55725,56082,JÄGER,18,"!",$.,--,7573,,
tg,kq6g.0,55725,56082,JÄGER,18,Wo,PWAV,wo,7573,,
tg,kq6g.0,55725,56082,JÄGER,18,gäb's,VVFIN,gäb,7573,,
tg,kq6g.0,55725,56082,JÄGER,18,den,ART,der,7573,,
tg,kq6g.0,55725,56082,JÄGER,18,Lohn,NN,lohn,7573,,
tg,kq6g.0,55725,56082,JÄGER,18,",","$,",--,7573,,
tg,kq6g.0,55725,56082,JÄGER,18,der,PRELS,der,7573,,
tg,kq6g.0,55725,56082,JÄGER,18,deine,PPOSAT,dein,7573,,
tg,kq6g.0,55725,56082,JÄGER,18,Treue,NN,treue,7573,,
tg,kq6g.0,55725,56082,JÄGER,18,kröne,VVFIN,krön,7573,,
tg,kq6g.0,55725,56082,JÄGER,18,?,$.,--,7573,,
tg,kq6g.0,55725,56082,JÄGER,18,Du,PPER,du,7573,,
tg,kq6g.0,55725,56082,JÄGER,18,pflegtest,VVFIN,pflegtest,7573,,
tg,kq6g.0,55725,56082,JÄGER,18,freundlich,ADJD,freundlich,7573,,
tg,kq6g.0,55725,56082,JÄGER,18,den,ART,der,7573,,
tg,kq6g.0,55725,56082,JÄGER,18,Verirrten,NN,verirrt,7573,,
tg,kq6g.0,55725,56082,JÄGER,18,",","$,",--,7573,,
tg,kq6g.0,55725,56082,JÄGER,18,Du,PPER,du,7573,,
tg,kq6g.0,55725,56082,JÄGER,18,warntest,VVFIN,warntest,7573,,
tg,kq6g.0,55725,56082,JÄGER,18,mich,PPER,mich,7573,JÄGER,18
tg,kq6g.0,55725,56082,JÄGER,18,mit,APPR,mit,7573,,
tg,kq6g.0,55725,56082,JÄGER,18,eigner,ADJA,eign,7573,,
tg,kq6g.0,55725,56082,JÄGER,18,Todsgefahr,NN,todsgefahr,7573,,
tg,kq6g.0,55725,56082,JÄGER,18,;,$.,--,7573,,
tg,kq6g.0,55725,56082,JÄGER,18,Du,PPER,du,7573,,
tg,kq6g.0,55725,56082,JÄGER,18,bist,VAFIN,sein,7573,,
tg,kq6g.0,55725,56082,JÄGER,18,so,ADV,so,7573,,
tg,kq6g.0,55725,56082,JÄGER,18,hold,VAFIN,hold,7573,,
tg,kq6g.0,55725,56082,JÄGER,18,–,PPER,–,7573,,
tg,kq6g.0,55725,56082,JÄGER,18,nicht,PTKNEG,nicht,7573,,
tg,kq6g.0,55725,56082,JÄGER,18,länger,ADJD,lang,7573,,
tg,kq6g.0,55725,56082,JÄGER,18,bei,APPR,bei,7573,,
tg,kq6g.0,55725,56082,JÄGER,18,den,ART,der,7573,,
tg,kq6g.0,55725,56082,JÄGER,18,Hirten,NN,hirt,7573,,
tg,kq6g.0,55725,56082,JÄGER,18,Blüh,NE,blüh,7573,,
tg,kq6g.0,55725,56082,JÄGER,18,',$[,--,7573,,
tg,kq6g.0,55725,56082,JÄGER,18,diese,PDAT,dieser,7573,,
tg,kq6g.0,55725,56082,JÄGER,18,Blume,NN,blume,7573,,
tg,kq6g.0,55725,56082,JÄGER,18,zart,ADJD,zart,7573,,
tg,kq6g.0,55725,56082,JÄGER,18,und,KON,und,7573,,
tg,kq6g.0,55725,56082,JÄGER,18,wunderbar,ADJD,wunderbar,7573,,
tg,kq6g.0,55725,56082,JÄGER,18,.,$.,--,7573,,
tg,kq6g.0,56088,56161,"Gabriele, seine Nichte, (Sopran)",2,O,NE,O,7573,,
tg,kq6g.0,56088,56161,"Gabriele, seine Nichte, (Sopran)",2,Herr,NN,herr,7573,,
tg,kq6g.0,56088,56161,"Gabriele, seine Nichte, (Sopran)",2,",","$,",--,7573,,
tg,kq6g.0,56088,56161,"Gabriele, seine Nichte, (Sopran)",2,diesen,PDAT,dieser,7573,,
tg,kq6g.0,56088,56161,"Gabriele, seine Nichte, (Sopran)",2,Hirten,NN,hirte,7573,,
tg,kq6g.0,56088,56161,"Gabriele, seine Nichte, (Sopran)",2,hab,VAFIN,hab,7573,,
tg,kq6g.0,56088,56161,"Gabriele, seine Nichte, (Sopran)",2,',$[,--,7573,,
tg,kq6g.0,56088,56161,"Gabriele, seine Nichte, (Sopran)",2,ich,PPER,ich,7573,"Gabriele, seine Nichte, (Sopran)",2
tg,kq6g.0,56088,56161,"Gabriele, seine Nichte, (Sopran)",2,mir,PPER,sich,7573,"Gabriele, seine Nichte, (Sopran)",2
tg,kq6g.0,56088,56161,"Gabriele, seine Nichte, (Sopran)",2,erkoren,VVINF,erkiesen,7573,,
tg,kq6g.0,56088,56161,"Gabriele, seine Nichte, (Sopran)",2,.,$.,--,7573,,
tg,kq6g.0,56166,56215,JÄGER,18,Ist,VAFIN,sein,7573,,
tg,kq6g.0,56166,56215,JÄGER,18,das,PDS,der,7573,,
tg,kq6g.0,56166,56215,JÄGER,18,der,ART,der,7573,,
tg,kq6g.0,56166,56215,JÄGER,18,Rechte,NN,recht,7573,,
tg,kq6g.0,56166,56215,JÄGER,18,?,$.,--,7573,,
tg,kq6g.0,56220,56375,"Gabriele, seine Nichte, (Sopran)",2,Trenne,NE,trenne,7573,,
tg,kq6g.0,56220,56375,"Gabriele, seine Nichte, (Sopran)",2,nicht,PTKNEG,nicht,7573,,
tg,kq6g.0,56220,56375,"Gabriele, seine Nichte, (Sopran)",2,das,ART,der,7573,,
tg,kq6g.0,56220,56375,"Gabriele, seine Nichte, (Sopran)",2,Band,NN,band,7573,,
tg,kq6g.0,56220,56375,"Gabriele, seine Nichte, (Sopran)",2,der,ART,der,7573,,
tg,kq6g.0,56220,56375,"Gabriele, seine Nichte, (Sopran)",2,Liebe,NN,liebe,7573,,
tg,kq6g.0,56220,56375,"Gabriele, seine Nichte, (Sopran)",2,",","$,",--,7573,,
tg,kq6g.0,56220,56375,"Gabriele, seine Nichte, (Sopran)",2,Störe,NN,störe,7573,,
tg,kq6g.0,56220,56375,"Gabriele, seine Nichte, (Sopran)",2,nicht,PTKNEG,nicht,7573,,
tg,kq6g.0,56220,56375,"Gabriele, seine Nichte, (Sopran)",2,der,ART,der,7573,,
tg,kq6g.0,56220,56375,"Gabriele, seine Nichte, (Sopran)",2,Herzen,NN,herz,7573,,
tg,kq6g.0,56220,56375,"Gabriele, seine Nichte, (Sopran)",2,Glück,NN,glück,7573,,
tg,kq6g.0,56220,56375,"Gabriele, seine Nichte, (Sopran)",2,.,$.,--,7573,,
tg,kq6g.0,56220,56375,"Gabriele, seine Nichte, (Sopran)",2,In,APPR,in,7573,,
tg,kq6g.0,56220,56375,"Gabriele, seine Nichte, (Sopran)",2,dem,ART,der,7573,,
tg,kq6g.0,56220,56375,"Gabriele, seine Nichte, (Sopran)",2,Thale,NN,thale,7573,,
tg,kq6g.0,56220,56375,"Gabriele, seine Nichte, (Sopran)",2,blüht,VVFIN,blühen,7573,,
tg,kq6g.0,56220,56375,"Gabriele, seine Nichte, (Sopran)",2,die,ART,der,7573,,
tg,kq6g.0,56220,56375,"Gabriele, seine Nichte, (Sopran)",2,Blume,NN,blume,7573,,
tg,kq6g.0,56220,56375,"Gabriele, seine Nichte, (Sopran)",2,",","$,",--,7573,,
tg,kq6g.0,56220,56375,"Gabriele, seine Nichte, (Sopran)",2,Auf,APPR,auf,7573,,
tg,kq6g.0,56220,56375,"Gabriele, seine Nichte, (Sopran)",2,der,ART,der,7573,,
tg,kq6g.0,56220,56375,"Gabriele, seine Nichte, (Sopran)",2,Höh,NN,höhe,7573,,
tg,kq6g.0,56220,56375,"Gabriele, seine Nichte, (Sopran)",2,',$[,--,7573,,
tg,kq6g.0,56220,56375,"Gabriele, seine Nichte, (Sopran)",2,bleibt,VVFIN,bleiben,7573,,
tg,kq6g.0,56220,56375,"Gabriele, seine Nichte, (Sopran)",2,sie,PPER,sie,7573,,
tg,kq6g.0,56220,56375,"Gabriele, seine Nichte, (Sopran)",2,zurück,PTKVZ,zurück,7573,,
tg,kq6g.0,56220,56375,"Gabriele, seine Nichte, (Sopran)",2,.,$.,--,7573,,
tg,kq6g.0,56381,56531,GABRIELE UND GOMEZ,20,Trenne,NE,trenne,7573,,
tg,kq6g.0,56381,56531,GABRIELE UND GOMEZ,20,nicht,PTKNEG,nicht,7573,,
tg,kq6g.0,56381,56531,GABRIELE UND GOMEZ,20,das,ART,der,7573,,
tg,kq6g.0,56381,56531,GABRIELE UND GOMEZ,20,Band,NN,band,7573,,
tg,kq6g.0,56381,56531,GABRIELE UND GOMEZ,20,der,ART,der,7573,,
tg,kq6g.0,56381,56531,GABRIELE UND GOMEZ,20,Liebe,NN,liebe,7573,,
tg,kq6g.0,56381,56531,GABRIELE UND GOMEZ,20,",","$,",--,7573,,
tg,kq6g.0,56381,56531,GABRIELE UND GOMEZ,20,Störe,NN,störe,7573,,
tg,kq6g.0,56381,56531,GABRIELE UND GOMEZ,20,nicht,PTKNEG,nicht,7573,,
tg,kq6g.0,56381,56531,GABRIELE UND GOMEZ,20,der,ART,der,7573,,
tg,kq6g.0,56381,56531,GABRIELE UND GOMEZ,20,Hirten,NN,hirt,7573,,
tg,kq6g.0,56381,56531,GABRIELE UND GOMEZ,20,Glück,NN,glück,7573,,
tg,kq6g.0,56381,56531,GABRIELE UND GOMEZ,20,.,$.,--,7573,,
tg,kq6g.0,56381,56531,GABRIELE UND GOMEZ,20,In,APPR,in,7573,,
tg,kq6g.0,56381,56531,GABRIELE UND GOMEZ,20,dem,ART,der,7573,,
tg,kq6g.0,56381,56531,GABRIELE UND GOMEZ,20,Thale,NN,thale,7573,,
tg,kq6g.0,56381,56531,GABRIELE UND GOMEZ,20,blüht,VVFIN,blühen,7573,,
tg,kq6g.0,56381,56531,GABRIELE UND GOMEZ,20,die,ART,der,7573,,
tg,kq6g.0,56381,56531,GABRIELE UND GOMEZ,20,Blume,NN,blume,7573,,
tg,kq6g.0,56381,56531,GABRIELE UND GOMEZ,20,",","$,",--,7573,,
tg,kq6g.0,56381,56531,GABRIELE UND GOMEZ,20,Auf,APPR,auf,7573,,
tg,kq6g.0,56381,56531,GABRIELE UND GOMEZ,20,den,ART,der,7573,,
tg,kq6g.0,56381,56531,GABRIELE UND GOMEZ,20,Höhn,NE,höhn,7573,,
tg,kq6g.0,56381,56531,GABRIELE UND GOMEZ,20,bleibt,VVFIN,bleiben,7573,,
tg,kq6g.0,56381,56531,GABRIELE UND GOMEZ,20,sie,PPER,sie,7573,,
tg,kq6g.0,56381,56531,GABRIELE UND GOMEZ,20,zurück,PTKVZ,zurück,7573,,
tg,kq6g.0,56381,56531,GABRIELE UND GOMEZ,20,.,$.,--,7573,,
tg,kq6g.0,56537,56673,JÄGER,18,Wie,PWAV,wie,7573,,
tg,kq6g.0,56537,56673,JÄGER,18,bezaubernd,ADJD,bezaubernd,7573,,
tg,kq6g.0,56537,56673,JÄGER,18,ruft,VVFIN,rufen,7573,,
tg,kq6g.0,56537,56673,JÄGER,18,die,ART,der,7573,,
tg,kq6g.0,56537,56673,JÄGER,18,Liebe,NN,liebe,7573,,
tg,kq6g.0,56537,56673,JÄGER,18,",","$,",--,7573,,
tg,kq6g.0,56537,56673,JÄGER,18,Ohne,APPR,ohne,7573,,
tg,kq6g.0,56537,56673,JÄGER,18,Liebe,NN,liebe,7573,,
tg,kq6g.0,56537,56673,JÄGER,18,ist,VAFIN,sein,7573,,
tg,kq6g.0,56537,56673,JÄGER,18,kein,PIAT,kein,7573,,
tg,kq6g.0,56537,56673,JÄGER,18,Glück,NN,glück,7573,,
tg,kq6g.0,56537,56673,JÄGER,18,",","$,",--,7573,,
tg,kq6g.0,56537,56673,JÄGER,18,In,APPR,in,7573,,
tg,kq6g.0,56537,56673,JÄGER,18,dem,ART,der,7573,,
tg,kq6g.0,56537,56673,JÄGER,18,Thal,NN,thal,7573,,
tg,kq6g.0,56537,56673,JÄGER,18,",","$,",--,7573,,
tg,kq6g.0,56537,56673,JÄGER,18,wo,PWAV,wo,7573,,
tg,kq6g.0,56537,56673,JÄGER,18,sie,PPER,sie,7573,,
tg,kq6g.0,56537,56673,JÄGER,18,erblühte,VVFIN,erblühen,7573,,
tg,kq6g.0,56537,56673,JÄGER,18,",","$,",--,7573,,
tg,kq6g.0,56537,56673,JÄGER,18,Bleibt,VVFIN,bleiben,7573,,
tg,kq6g.0,56537,56673,JÄGER,18,mein,PPOSAT,mein,7573,JÄGER,18
tg,kq6g.0,56537,56673,JÄGER,18,Wunsch,NN,wunsch,7573,,
tg,kq6g.0,56537,56673,JÄGER,18,",","$,",--,7573,,
tg,kq6g.0,56537,56673,JÄGER,18,mein,PPOSAT,mein,7573,JÄGER,18
tg,kq6g.0,56537,56673,JÄGER,18,Herz,NN,herz,7573,,
tg,kq6g.0,56537,56673,JÄGER,18,zurück,PTKVZ,zurück,7573,,
tg,kq6g.0,56537,56673,JÄGER,18,.,$.,--,7573,,
tg,kq6g.0,56680,56861,GABRIELE UND GOMEZ,20,Trenne,NE,trenne,7573,,
tg,kq6g.0,56680,56861,GABRIELE UND GOMEZ,20,nicht,PTKNEG,nicht,7573,,
tg,kq6g.0,56680,56861,GABRIELE UND GOMEZ,20,das,ART,der,7573,,
tg,kq6g.0,56680,56861,GABRIELE UND GOMEZ,20,Band,NN,band,7573,,
tg,kq6g.0,56680,56861,GABRIELE UND GOMEZ,20,der,ART,der,7573,,
tg,kq6g.0,56680,56861,GABRIELE UND GOMEZ,20,Liebe,NN,liebe,7573,,
tg,kq6g.0,56680,56861,GABRIELE UND GOMEZ,20,",","$,",--,7573,,
tg,kq6g.0,56680,56861,GABRIELE UND GOMEZ,20,Störe,NN,störe,7573,,
tg,kq6g.0,56680,56861,GABRIELE UND GOMEZ,20,nicht,PTKNEG,nicht,7573,,
tg,kq6g.0,56680,56861,GABRIELE UND GOMEZ,20,der,ART,der,7573,,
tg,kq6g.0,56680,56861,GABRIELE UND GOMEZ,20,Hirten,NN,hirt,7573,,
tg,kq6g.0,56680,56861,GABRIELE UND GOMEZ,20,Glück,NN,glück,7573,,
tg,kq6g.0,56680,56861,GABRIELE UND GOMEZ,20,.,$.,--,7573,,
tg,kq6g.0,56680,56861,GABRIELE UND GOMEZ,20,In,APPR,in,7573,,
tg,kq6g.0,56680,56861,GABRIELE UND GOMEZ,20,dem,ART,der,7573,,
tg,kq6g.0,56680,56861,GABRIELE UND GOMEZ,20,Thale,NN,thale,7573,,
tg,kq6g.0,56680,56861,GABRIELE UND GOMEZ,20,blüht,VVFIN,blühen,7573,,
tg,kq6g.0,56680,56861,GABRIELE UND GOMEZ,20,die,ART,der,7573,,
tg,kq6g.0,56680,56861,GABRIELE UND GOMEZ,20,Blume,NN,blume,7573,,
tg,kq6g.0,56680,56861,GABRIELE UND GOMEZ,20,",","$,",--,7573,,
tg,kq6g.0,56680,56861,GABRIELE UND GOMEZ,20,Auf,APPR,auf,7573,,
tg,kq6g.0,56680,56861,GABRIELE UND GOMEZ,20,den,ART,der,7573,,
tg,kq6g.0,56680,56861,GABRIELE UND GOMEZ,20,Höh'n,NN,höh'n,7573,,
tg,kq6g.0,56680,56861,GABRIELE UND GOMEZ,20,bleibt,VVFIN,bleiben,7573,,
tg,kq6g.0,56680,56861,GABRIELE UND GOMEZ,20,sie,PPER,sie,7573,,
tg,kq6g.0,56680,56861,GABRIELE UND GOMEZ,20,zurück,PTKVZ,zurück,7573,,
tg,kq6g.0,56680,56861,GABRIELE UND GOMEZ,20,",","$,",--,7573,,
tg,kq6g.0,56680,56861,GABRIELE UND GOMEZ,20,Störe,NN,störe,7573,,
tg,kq6g.0,56680,56861,GABRIELE UND GOMEZ,20,nicht,PTKNEG,nicht,7573,,
tg,kq6g.0,56680,56861,GABRIELE UND GOMEZ,20,der,ART,der,7573,,
tg,kq6g.0,56680,56861,GABRIELE UND GOMEZ,20,Liebe,NN,lieb,7573,,
tg,kq6g.0,56680,56861,GABRIELE UND GOMEZ,20,Freuden,VVINF,freude,7573,,
tg,kq6g.0,56680,56861,GABRIELE UND GOMEZ,20,"!",$.,--,7573,,
tg,kq6g.0,56868,57121,JÄGER,18,Wie,PWAV,wie,7573,,
tg,kq6g.0,56868,57121,JÄGER,18,bezaubernd,ADJD,bezaubernd,7573,,
tg,kq6g.0,56868,57121,JÄGER,18,ruft,VVFIN,rufen,7573,,
tg,kq6g.0,56868,57121,JÄGER,18,die,ART,der,7573,,
tg,kq6g.0,56868,57121,JÄGER,18,Liebe,NN,liebe,7573,,
tg,kq6g.0,56868,57121,JÄGER,18,",","$,",--,7573,,
tg,kq6g.0,56868,57121,JÄGER,18,Ohne,APPR,ohne,7573,,
tg,kq6g.0,56868,57121,JÄGER,18,Liebe,NN,liebe,7573,,
tg,kq6g.0,56868,57121,JÄGER,18,ist,VAFIN,sein,7573,,
tg,kq6g.0,56868,57121,JÄGER,18,kein,PIAT,kein,7573,,
tg,kq6g.0,56868,57121,JÄGER,18,Glück,NN,glück,7573,,
tg,kq6g.0,56868,57121,JÄGER,18,;,$.,--,7573,,
tg,kq6g.0,56868,57121,JÄGER,18,In,APPR,in,7573,,
tg,kq6g.0,56868,57121,JÄGER,18,dem,ART,der,7573,,
tg,kq6g.0,56868,57121,JÄGER,18,Thal,NN,thal,7573,,
tg,kq6g.0,56868,57121,JÄGER,18,",","$,",--,7573,,
tg,kq6g.0,56868,57121,JÄGER,18,wo,PWAV,wo,7573,,
tg,kq6g.0,56868,57121,JÄGER,18,sie,PPER,sie,7573,,
tg,kq6g.0,56868,57121,JÄGER,18,erblühte,VVFIN,erblühen,7573,,
tg,kq6g.0,56868,57121,JÄGER,18,",","$,",--,7573,,
tg,kq6g.0,56868,57121,JÄGER,18,Bleibt,VVFIN,bleiben,7573,,
tg,kq6g.0,56868,57121,JÄGER,18,mein,PPOSAT,mein,7573,JÄGER,18
tg,kq6g.0,56868,57121,JÄGER,18,Wunsch,NN,wunsch,7573,,
tg,kq6g.0,56868,57121,JÄGER,18,",","$,",--,7573,,
tg,kq6g.0,56868,57121,JÄGER,18,mein,PPOSAT,mein,7573,JÄGER,18
tg,kq6g.0,56868,57121,JÄGER,18,Herz,NN,herz,7573,,
tg,kq6g.0,56868,57121,JÄGER,18,zurück,PTKVZ,zurück,7573,,
tg,kq6g.0,56868,57121,JÄGER,18,",","$,",--,7573,,
tg,kq6g.0,56868,57121,JÄGER,18,Bleibt,VVFIN,bleiben,7573,,
tg,kq6g.0,56868,57121,JÄGER,18,mein,PPOSAT,mein,7573,JÄGER,18
tg,kq6g.0,56868,57121,JÄGER,18,Herz,NN,herz,7573,,
tg,kq6g.0,56868,57121,JÄGER,18,",","$,",--,7573,,
tg,kq6g.0,56868,57121,JÄGER,18,mein,PPOSAT,mein,7573,JÄGER,18
tg,kq6g.0,56868,57121,JÄGER,18,Herz,NN,herz,7573,,
tg,kq6g.0,56868,57121,JÄGER,18,zurück,PTKVZ,zurück,7573,,
tg,kq6g.0,56868,57121,JÄGER,18,"!",$.,--,7573,,
tg,kq6g.0,56868,57121,JÄGER,18,Also,ADV,also,7573,,
tg,kq6g.0,56868,57121,JÄGER,18,willst,VMFIN,wollen,7573,,
tg,kq6g.0,56868,57121,JÄGER,18,du,PPER,du,7573,,
tg,kq6g.0,56868,57121,JÄGER,18,ihn,PPER,ihn,7573,,
tg,kq6g.0,56868,57121,JÄGER,18,?,$.,--,7573,,
tg,kq6g.0,57126,57171,"Gabriele, seine Nichte, (Sopran)",2,Er,PPER,er,7573,,
tg,kq6g.0,57126,57171,"Gabriele, seine Nichte, (Sopran)",2,hat,VAFIN,haben,7573,,
tg,kq6g.0,57126,57171,"Gabriele, seine Nichte, (Sopran)",2,mein,PPOSAT,mein,7573,"Gabriele, seine Nichte, (Sopran)",2
tg,kq6g.0,57126,57171,"Gabriele, seine Nichte, (Sopran)",2,Herz,NN,herz,7573,,
tg,kq6g.0,57126,57171,"Gabriele, seine Nichte, (Sopran)",2,",","$,",--,7573,,
tg,kq6g.0,57126,57171,"Gabriele, seine Nichte, (Sopran)",2,er,PPER,er,7573,,
tg,kq6g.0,57126,57171,"Gabriele, seine Nichte, (Sopran)",2,hat,VAFIN,haben,7573,,
tg,kq6g.0,57126,57171,"Gabriele, seine Nichte, (Sopran)",2,mein,PPOSAT,mein,7573,"Gabriele, seine Nichte, (Sopran)",2
tg,kq6g.0,57126,57171,"Gabriele, seine Nichte, (Sopran)",2,Herz,NN,herz,7573,,
tg,kq6g.0,57126,57171,"Gabriele, seine Nichte, (Sopran)",2,"!",$.,--,7573,,
tg,kq6g.0,57176,57210,JÄGER,18,Nun,ADV,nun,7573,,
tg,kq6g.0,57176,57210,JÄGER,18,",","$,",--,7573,,
tg,kq6g.0,57176,57210,JÄGER,18,das,ART,der,7573,,
tg,kq6g.0,57176,57210,JÄGER,18,wollt,NN,wollt,7573,,
tg,kq6g.0,57176,57210,JÄGER,18,',$[,--,7573,,
tg,kq6g.0,57176,57210,JÄGER,18,ich,PPER,ich,7573,JÄGER,18
tg,kq6g.0,57176,57210,JÄGER,18,prüfen,VVINF,prüfen,7573,,
tg,kq6g.0,57176,57210,JÄGER,18,.,$.,--,7573,,
tg,kq6g.0,57215,57342,GABRIELE UND GOMEZ,20,Freundlich,ADJD,freundlich,7573,,
tg,kq6g.0,57215,57342,GABRIELE UND GOMEZ,20,mög,APPR,mög,7573,,
tg,kq6g.0,57215,57342,GABRIELE UND GOMEZ,20,',$[,--,7573,,
tg,kq6g.0,57215,57342,GABRIELE UND GOMEZ,20,dein,PPOSAT,dein,7573,,
tg,kq6g.0,57215,57342,GABRIELE UND GOMEZ,20,Blick,NN,blick,7573,,
tg,kq6g.0,57215,57342,GABRIELE UND GOMEZ,20,Zu,PTKA,zu,7573,,
tg,kq6g.0,57215,57342,GABRIELE UND GOMEZ,20,unsrer,ADJD,unsrer,7573,,
tg,kq6g.0,57215,57342,GABRIELE UND GOMEZ,20,Lieb,ADJD,lieb,7573,,
tg,kq6g.0,57215,57342,GABRIELE UND GOMEZ,20,',$[,--,7573,,
tg,kq6g.0,57215,57342,GABRIELE UND GOMEZ,20,sich,PRF,sich,7573,,
tg,kq6g.0,57215,57342,GABRIELE UND GOMEZ,20,wenden,VVINF,wenden,7573,,
tg,kq6g.0,57215,57342,GABRIELE UND GOMEZ,20,",","$,",--,7573,,
tg,kq6g.0,57215,57342,GABRIELE UND GOMEZ,20,Dann,ADV,dann,7573,,
tg,kq6g.0,57215,57342,GABRIELE UND GOMEZ,20,wird,VAFIN,werden,7573,,
tg,kq6g.0,57215,57342,GABRIELE UND GOMEZ,20,unser,PPOSAT,unser,7573,,
tg,kq6g.0,57215,57342,GABRIELE UND GOMEZ,20,Glück,NN,glück,7573,,
tg,kq6g.0,57215,57342,GABRIELE UND GOMEZ,20,Im,APPRART,in,7573,,
tg,kq6g.0,57215,57342,GABRIELE UND GOMEZ,20,Erdenthal,NN,erdenthal,7573,,
tg,kq6g.0,57215,57342,GABRIELE UND GOMEZ,20,nicht,PTKNEG,nicht,7573,,
tg,kq6g.0,57215,57342,GABRIELE UND GOMEZ,20,enden,VVFIN,enden,7573,,
tg,kq6g.0,57215,57342,GABRIELE UND GOMEZ,20,.,$.,--,7573,,
tg,kq6g.0,57349,58073,JÄGER,18,Immer,ADV,immer,7573,,
tg,kq6g.0,57349,58073,JÄGER,18,wird,VAFIN,werden,7573,,
tg,kq6g.0,57349,58073,JÄGER,18,mein,PPOSAT,mein,7573,JÄGER,18
tg,kq6g.0,57349,58073,JÄGER,18,Blick,NN,blick,7573,,
tg,kq6g.0,57349,58073,JÄGER,18,Zu,APPR,zu,7573,,
tg,kq6g.0,57349,58073,JÄGER,18,diesem,PDAT,dieser,7573,,
tg,kq6g.0,57349,58073,JÄGER,18,Thal,NN,thal,7573,,
tg,kq6g.0,57349,58073,JÄGER,18,sich,PRF,sich,7573,,
tg,kq6g.0,57349,58073,JÄGER,18,sehnend,ADJD,sehnend,7573,,
tg,kq6g.0,57349,58073,JÄGER,18,wenden,VVINF,wenden,7573,,
tg,kq6g.0,57349,58073,JÄGER,18,",","$,",--,7573,,
tg,kq6g.0,57349,58073,JÄGER,18,Zu,APPR,zu,7573,,
tg,kq6g.0,57349,58073,JÄGER,18,ihm,PPER,ihm,7573,,
tg,kq6g.0,57349,58073,JÄGER,18,zurück,PTKVZ,zurück,7573,,
tg,kq6g.0,57349,58073,JÄGER,18,",","$,",--,7573,,
tg,kq6g.0,57349,58073,JÄGER,18,zu,APPR,zu,7573,,
tg,kq6g.0,57349,58073,JÄGER,18,ihm,PPER,ihm,7573,,
tg,kq6g.0,57349,58073,JÄGER,18,zurück,ADV,zurück,7573,,
tg,kq6g.0,57349,58073,JÄGER,18,Die,ART,der,7573,,
tg,kq6g.0,57349,58073,JÄGER,18,Brust,NN,brust,7573,,
tg,kq6g.0,57349,58073,JÄGER,18,den,ART,der,7573,,
tg,kq6g.0,57349,58073,JÄGER,18,Wunsch,NN,wunsch,7573,,
tg,kq6g.0,57349,58073,JÄGER,18,der,ART,der,7573,,
tg,kq6g.0,57349,58073,JÄGER,18,Liebe,NN,liebe,7573,,
tg,kq6g.0,57349,58073,JÄGER,18,senden,VVINF,senden,7573,,
tg,kq6g.0,57349,58073,JÄGER,18,.,$.,--,7573,,
tg,kq6g.0,57349,58073,JÄGER,18,Dir,NE,dir,7573,,
tg,kq6g.0,57349,58073,JÄGER,18,berg,NE,berg,7573,,
tg,kq6g.0,57349,58073,JÄGER,18,',$[,--,7573,,
tg,kq6g.0,57349,58073,JÄGER,18,ich,PPER,ich,7573,JÄGER,18
tg,kq6g.0,57349,58073,JÄGER,18,nicht,PTKNEG,nicht,7573,,
tg,kq6g.0,57349,58073,JÄGER,18,Des,ART,der,7573,,
tg,kq6g.0,57349,58073,JÄGER,18,schwachen,ADJA,schwach,7573,,
tg,kq6g.0,57349,58073,JÄGER,18,Herzens,NN,Herz,7573,,
tg,kq6g.0,57349,58073,JÄGER,18,Tiefen,VVFIN,tiefe,7573,,
tg,kq6g.0,57349,58073,JÄGER,18,;,$.,--,7573,,
tg,kq6g.0,57349,58073,JÄGER,18,Verzicht,NN,verzicht,7573,,
tg,kq6g.0,57349,58073,JÄGER,18,',$[,--,7573,,
tg,kq6g.0,57349,58073,JÄGER,18,ich,PPER,ich,7573,JÄGER,18
tg,kq6g.0,57349,58073,JÄGER,18,auch,ADV,auch,7573,,
tg,kq6g.0,57349,58073,JÄGER,18,auf,APPR,auf,7573,,
tg,kq6g.0,57349,58073,JÄGER,18,Liebesglück,NN,liebesglück,7573,,
tg,kq6g.0,57349,58073,JÄGER,18,",","$,",--,7573,,
tg,kq6g.0,57349,58073,JÄGER,18,Bleibt,VVFIN,bleiben,7573,,
tg,kq6g.0,57349,58073,JÄGER,18,doch,ADV,doch,7573,,
tg,kq6g.0,57349,58073,JÄGER,18,die,ART,der,7573,,
tg,kq6g.0,57349,58073,JÄGER,18,Wunde,NN,wunde,7573,,
tg,kq6g.0,57349,58073,JÄGER,18,hier,ADV,hier,7573,,
tg,kq6g.0,57349,58073,JÄGER,18,zurück,PTKVZ,zurück,7573,,
tg,kq6g.0,57349,58073,JÄGER,18,"!",$.,--,7573,,
tg,kq6g.0,57349,58073,JÄGER,18,Lebt,NE,leben,7573,,
tg,kq6g.0,57349,58073,JÄGER,18,wohl,ADV,wohl,7573,,
tg,kq6g.0,57349,58073,JÄGER,18,",","$,",--,7573,,
tg,kq6g.0,57349,58073,JÄGER,18,lebt,VVFIN,leben,7573,,
tg,kq6g.0,57349,58073,JÄGER,18,glücklich,ADJD,glücklich,7573,,
tg,kq6g.0,57349,58073,JÄGER,18,"!",$.,--,7573,,
tg,kq6g.0,57349,58073,JÄGER,18,Bleibt,VVFIN,bleiben,7573,,
tg,kq6g.0,57349,58073,JÄGER,18,auch,ADV,auch,7573,,
tg,kq6g.0,57349,58073,JÄGER,18,fern,ADJD,fern,7573,,
tg,kq6g.0,57349,58073,JÄGER,18,mir,PPER,sich,7573,JÄGER,18
tg,kq6g.0,57349,58073,JÄGER,18,hold,VAFIN,hold,7573,,
tg,kq6g.0,57349,58073,JÄGER,18,"!",$.,--,7573,,
tg,kq6g.0,57349,58073,JÄGER,18,Nimm,NE,nimm,7573,,
tg,kq6g.0,57349,58073,JÄGER,18,jetzt,ADV,jetzt,7573,,
tg,kq6g.0,57349,58073,JÄGER,18,dies,PDS,dieser,7573,,
tg,kq6g.0,57349,58073,JÄGER,18,Kettlein,ADV,kettlein,7573,,
tg,kq6g.0,57349,58073,JÄGER,18,als,APPR,als,7573,,
tg,kq6g.0,57349,58073,JÄGER,18,des,ART,der,7573,,
tg,kq6g.0,57349,58073,JÄGER,18,Dankes,ADJA,dank,7573,,
tg,kq6g.0,57349,58073,JÄGER,18,Sold,NN,sold,7573,,
tg,kq6g.0,57349,58073,JÄGER,18,.,$.,--,7573,,
tg,kq6g.0,57349,58073,JÄGER,18,Doch,KON,doch,7573,,
tg,kq6g.0,57349,58073,JÄGER,18,für,APPR,für,7573,,
tg,kq6g.0,57349,58073,JÄGER,18,die,ART,der,7573,,
tg,kq6g.0,57349,58073,JÄGER,18,Mitgift,NN,mitgift,7573,,
tg,kq6g.0,57349,58073,JÄGER,18,werd,ADV,werden,7573,,
tg,kq6g.0,57349,58073,JÄGER,18,',$[,--,7573,,
tg,kq6g.0,57349,58073,JÄGER,18,ich,PPER,ich,7573,JÄGER,18
tg,kq6g.0,57349,58073,JÄGER,18,morgen,ADV,morgen,7573,,
tg,kq6g.0,57349,58073,JÄGER,18,Durch,APPR,durch,7573,,
tg,kq6g.0,57349,58073,JÄGER,18,meinen,PPOSAT,mein,7573,JÄGER,18
tg,kq6g.0,57349,58073,JÄGER,18,treuen,ADJA,treu,7573,,
tg,kq6g.0,57349,58073,JÄGER,18,Otto,NE,otto,7573,OTTO,11
tg,kq6g.0,57349,58073,JÄGER,18,sorgen,VVINF,sorgen,7573,,
tg,kq6g.0,57349,58073,JÄGER,18,.,$.,--,7573,,
tg,kq6g.0,57349,58073,JÄGER,18,Gedenket,NE,gedenket,7573,,
tg,kq6g.0,57349,58073,JÄGER,18,mein,PPOSAT,mein,7573,JÄGER,18
tg,kq6g.0,57349,58073,JÄGER,18,"!",$.,--,7573,,
tg,kq6g.0,57349,58073,JÄGER,18,nur,ADV,nur,7573,,
tg,kq6g.0,57349,58073,JÄGER,18,dieses,PDAT,dieser,7573,,
tg,kq6g.0,57349,58073,JÄGER,18,sei,VAFIN,sein,7573,,
tg,kq6g.0,57349,58073,JÄGER,18,mein,PPOSAT,mein,7573,JÄGER,18
tg,kq6g.0,57349,58073,JÄGER,18,Teil,NN,teil,7573,,
tg,kq6g.0,57349,58073,JÄGER,18,"!",$.,--,7573,,
tg,kq6g.0,58079,58103,"Gabriele, seine Nichte, (Sopran)",2,O,NE,O,7573,,
tg,kq6g.0,58079,58103,"Gabriele, seine Nichte, (Sopran)",2,edler,ADJA,edel,7573,,
tg,kq6g.0,58079,58103,"Gabriele, seine Nichte, (Sopran)",2,Prinz,NN,prinz,7573,,
tg,kq6g.0,58079,58103,"Gabriele, seine Nichte, (Sopran)",2,"!",$.,--,7573,,
tg,kq6g.0,58108,58187,ALLE,22,Heil,NN,heil,7573,,
tg,kq6g.0,58108,58187,ALLE,22,"!",$.,--,7573,,
tg,kq6g.0,58108,58187,ALLE,22,Habsburgs,ADV,habsburg,7573,,
tg,kq6g.0,58108,58187,ALLE,22,Enkel,NN,enkel,7573,,
tg,kq6g.0,58108,58187,ALLE,22,heil,PTKVZ,heil,7573,,
tg,kq6g.0,58108,58187,ALLE,22,"!",$.,--,7573,,
tg,kq6g.0,58108,58187,ALLE,22,Heil,NN,heil,7573,,
tg,kq6g.0,58108,58187,ALLE,22,"!",$.,--,7573,,
tg,kq6g.0,58108,58187,ALLE,22,Heil,NN,heil,7573,,
tg,kq6g.0,58108,58187,ALLE,22,"!",$.,--,7573,,
tg,kq6g.0,58108,58187,ALLE,22,Heil,NN,heil,7573,,
tg,kq6g.0,58108,58187,ALLE,22,"!",$.,--,7573,,
tg,kq6g.0,58108,58187,ALLE,22,Heil,NN,heil,7573,,
tg,kq6g.0,58108,58187,ALLE,22,"!",$.,--,7573,,
tg,kq6g.0,58193,58460,JÄGER,18,Nun,ADV,nun,7573,,
tg,kq6g.0,58193,58460,JÄGER,18,fort,PTKVZ,fort,7573,,
tg,kq6g.0,58193,58460,JÄGER,18,",","$,",--,7573,,
tg,kq6g.0,58193,58460,JÄGER,18,mein,PPOSAT,mein,7573,JÄGER,18
tg,kq6g.0,58193,58460,JÄGER,18,Freund,NN,freund,7573,,
tg,kq6g.0,58193,58460,JÄGER,18,"!",$.,--,7573,,
tg,kq6g.0,58193,58460,JÄGER,18,Die,ART,der,7573,,
tg,kq6g.0,58193,58460,JÄGER,18,Pferde,NN,pferd,7573,,
tg,kq6g.0,58193,58460,JÄGER,18,vor,PTKVZ,vor,7573,,
tg,kq6g.0,58193,58460,JÄGER,18,"!",$.,--,7573,,
tg,kq6g.0,58193,58460,JÄGER,18,Doch,KON,doch,7573,,
tg,kq6g.0,58193,58460,JÄGER,18,denk,PDS,denk,7573,,
tg,kq6g.0,58193,58460,JÄGER,18,',$[,--,7573,,
tg,kq6g.0,58193,58460,JÄGER,18,ich,PPER,ich,7573,JÄGER,18
tg,kq6g.0,58193,58460,JÄGER,18,oft,ADV,oft,7573,,
tg,kq6g.0,58193,58460,JÄGER,18,zurück,PTKVZ,zurück,7573,,
tg,kq6g.0,58193,58460,JÄGER,18,.,$.,--,7573,,
tg,kq6g.0,58193,58460,JÄGER,18,Dem,ART,der,7573,,
tg,kq6g.0,58193,58460,JÄGER,18,Hirten,NN,hirte,7573,,
tg,kq6g.0,58193,58460,JÄGER,18,eint,VVFIN,einen,7573,,
tg,kq6g.0,58193,58460,JÄGER,18,",","$,",--,7573,,
tg,kq6g.0,58193,58460,JÄGER,18,was,PWS,was,7573,,
tg,kq6g.0,58193,58460,JÄGER,18,ich,PPER,ich,7573,JÄGER,18
tg,kq6g.0,58193,58460,JÄGER,18,verlor,VVFIN,verlieren,7573,,
tg,kq6g.0,58193,58460,JÄGER,18,",","$,",--,7573,,
tg,kq6g.0,58193,58460,JÄGER,18,Sein,PPOSAT,sein,7573,,
tg,kq6g.0,58193,58460,JÄGER,18,freundliches,ADJA,freundlich,7573,,
tg,kq6g.0,58193,58460,JÄGER,18,Geschick,NN,geschick,7573,,
tg,kq6g.0,58193,58460,JÄGER,18,.,$.,--,7573,,
tg,kq6g.0,58467,58657,JÄGER,18,Nun,ADV,nun,7573,,
tg,kq6g.0,58467,58657,JÄGER,18,fort,PTKVZ,fort,7573,,
tg,kq6g.0,58467,58657,JÄGER,18,",","$,",--,7573,,
tg,kq6g.0,58467,58657,JÄGER,18,mein,PPOSAT,mein,7573,JÄGER,18
tg,kq6g.0,58467,58657,JÄGER,18,Freund,NN,freund,7573,,
tg,kq6g.0,58467,58657,JÄGER,18,",","$,",--,7573,,
tg,kq6g.0,58467,58657,JÄGER,18,doch,KON,doch,7573,,
tg,kq6g.0,58467,58657,JÄGER,18,denk,ADV,denk,7573,,
tg,kq6g.0,58467,58657,JÄGER,18,',$[,--,7573,,
tg,kq6g.0,58467,58657,JÄGER,18,ich,PPER,ich,7573,JÄGER,18
tg,kq6g.0,58467,58657,JÄGER,18,oft,ADV,oft,7573,,
tg,kq6g.0,58467,58657,JÄGER,18,zurück,PTKVZ,zurück,7573,,
tg,kq6g.0,58467,58657,JÄGER,18,.,$.,--,7573,,
tg,kq6g.0,58467,58657,JÄGER,18,Dem,ART,der,7573,,
tg,kq6g.0,58467,58657,JÄGER,18,Hirten,NN,hirte,7573,,
tg,kq6g.0,58467,58657,JÄGER,18,eint,VVFIN,einen,7573,,
tg,kq6g.0,58467,58657,JÄGER,18,",","$,",--,7573,,
tg,kq6g.0,58467,58657,JÄGER,18,was,PWS,was,7573,,
tg,kq6g.0,58467,58657,JÄGER,18,ich,PPER,ich,7573,JÄGER,18
tg,kq6g.0,58467,58657,JÄGER,18,verlor,VVFIN,verlieren,7573,,
tg,kq6g.0,58467,58657,JÄGER,18,",","$,",--,7573,,
tg,kq6g.0,58467,58657,JÄGER,18,Sein,PPOSAT,sein,7573,,
tg,kq6g.0,58467,58657,JÄGER,18,freundliches,ADJA,freundlich,7573,,
tg,kq6g.0,58467,58657,JÄGER,18,Geschick,NN,geschick,7573,,
tg,kq6g.0,58467,58657,JÄGER,18,"!",$.,--,7573,,
tg,kq6g.0,58467,58657,JÄGER,18,Nun,ADV,nun,7573,,
tg,kq6g.0,58467,58657,JÄGER,18,fort,PTKVZ,fort,7573,,
tg,kq6g.0,58467,58657,JÄGER,18,",","$,",--,7573,,
tg,kq6g.0,58467,58657,JÄGER,18,mein,PPOSAT,mein,7573,JÄGER,18
tg,kq6g.0,58467,58657,JÄGER,18,Freund,NN,freund,7573,,
tg,kq6g.0,58467,58657,JÄGER,18,",","$,",--,7573,,
tg,kq6g.0,58467,58657,JÄGER,18,die,ART,der,7573,,
tg,kq6g.0,58467,58657,JÄGER,18,Pferde,NN,pferd,7573,,
tg,kq6g.0,58467,58657,JÄGER,18,vor,PTKVZ,vor,7573,,
tg,kq6g.0,58467,58657,JÄGER,18,"!",$.,--,7573,,
tg,kq6g.0,58467,58657,JÄGER,18,Doch,KON,doch,7573,,
tg,kq6g.0,58467,58657,JÄGER,18,denk,PDS,denk,7573,,
tg,kq6g.0,58467,58657,JÄGER,18,',$[,--,7573,,
tg,kq6g.0,58467,58657,JÄGER,18,ich,PPER,ich,7573,JÄGER,18
tg,kq6g.0,58467,58657,JÄGER,18,oft,ADV,oft,7573,,
tg,kq6g.0,58467,58657,JÄGER,18,zurück,PTKVZ,zurück,7573,,
tg,kq6g.0,58467,58657,JÄGER,18,.,$.,--,7573,,
tg,kq6g.0,58663,58934,ALLE,22,Des,ART,der,7573,,
tg,kq6g.0,58663,58934,ALLE,22,Fürsten,ADJA,fürst,7573,,
tg,kq6g.0,58663,58934,ALLE,22,Wort,NN,wort,7573,,
tg,kq6g.0,58663,58934,ALLE,22,",","$,",--,7573,,
tg,kq6g.0,58663,58934,ALLE,22,des,ART,der,7573,,
tg,kq6g.0,58663,58934,ALLE,22,Fürsten,NN,fürst,7573,,
tg,kq6g.0,58663,58934,ALLE,22,Hand,NN,hand,7573,,
tg,kq6g.0,58663,58934,ALLE,22,Streut,NE,streut,7573,,
tg,kq6g.0,58663,58934,ALLE,22,mild,APPR,mild,7573,,
tg,kq6g.0,58663,58934,ALLE,22,den,ART,der,7573,,
tg,kq6g.0,58663,58934,ALLE,22,Segen,NN,segen,7573,,
tg,kq6g.0,58663,58934,ALLE,22,aus,PTKVZ,aus,7573,,
tg,kq6g.0,58663,58934,ALLE,22,",","$,",--,7573,,
tg,kq6g.0,58663,58934,ALLE,22,Und,KON,und,7573,,
tg,kq6g.0,58663,58934,ALLE,22,immerfort,ADJD,immerfort,7573,,
tg,kq6g.0,58663,58934,ALLE,22,gedeih,ADJD,gedeih,7573,,
tg,kq6g.0,58663,58934,ALLE,22,',$[,--,7573,,
tg,kq6g.0,58663,58934,ALLE,22,das,ART,der,7573,,
tg,kq6g.0,58663,58934,ALLE,22,Land,NN,land,7573,,
tg,kq6g.0,58663,58934,ALLE,22,",","$,",--,7573,,
tg,kq6g.0,58663,58934,ALLE,22,Erblüh,NE,erblüh,7573,,
tg,kq6g.0,58663,58934,ALLE,22,',$[,--,7573,,
tg,kq6g.0,58663,58934,ALLE,22,das,ART,der,7573,,
tg,kq6g.0,58663,58934,ALLE,22,Kaiserhaus,NN,kaiserhaus,7573,,
tg,kq6g.0,58663,58934,ALLE,22,"!",$.,--,7573,,
